Frame,Mean
1,3068.500
2,2938.500
3,2755.000
4,2739.000
5,2359.500
6,1991.500
7,1700.000
8,1662.000
9,1670.500
10,1961.000
11,2295.000
12,2570.500
13,2841.500
14,2894.000
15,3024.000
16,2898.500
17,2870.000
18,2467.500
19,2300.000
20,1771.500
21,1629.000
22,1745.500
23,1837.500
24,2087.000
25,2626.000
26,2946.000
27,3064.000
28,3146.500
29,2857.000
30,2918.000
31,2643.000
32,2417.000
33,1993.500
34,1744.000
35,1613.000
36,1806.000
37,1978.000
38,2315.000
39,2470.500
40,2880.000
41,3118.000
42,3157.000
43,3196.000
44,2906.000
45,2500.500
46,2098.000
47,1723.000
48,1652.500
49,1781.000
50,1984.500
51,2296.500
52,2547.500
53,2793.000
54,2899.000
55,2996.000
56,3008.000
57,2977.500
58,2632.500
59,2353.500
60,1763.500
61,1672.000
62,1719.500
63,1841.000
64,2139.000
65,2510.000
66,2602.500
67,2875.500
68,3004.000
69,2953.000
70,2875.000
71,2706.500
72,2374.000
73,2287.000
74,1942.000
75,1856.000
76,1750.500
77,1957.500
78,2135.000
79,2417.000
80,2651.500
81,2865.000
82,3018.000
83,2934.500
84,2871.500
85,2738.500
86,2420.000
87,2104.500
88,1608.000
89,1719.500
90,1714.000
91,1882.000
92,2292.500
93,2547.500
94,2666.500
95,2887.000
96,2974.000
97,2932.500
98,2748.000
99,2632.500
100,2110.500
101,1819.500
102,1691.500
103,1738.500
104,1935.000
105,2035.500
106,2578.500
107,2894.000
108,3250.000
109,3387.000
110,3153.500
111,2909.500
112,2642.000
113,2308.500
114,1930.000
115,1746.000
116,1673.500
117,1851.500
118,2211.000
119,2342.000
120,2671.500
121,2839.500
122,2968.500
123,3022.500
124,3114.500
125,2874.000
126,2394.500
127,1984.000
128,1719.500
129,1734.000
130,1892.500
131,2151.500
132,2409.000
133,2712.500
134,2808.500
135,2950.500
136,2895.500
137,2947.500
138,2766.000
139,2325.000
140,2096.000
141,1698.000
142,1805.500
143,1712.500
144,1994.500
145,2328.000
146,2640.500
147,2875.000
148,3035.500
149,3018.500
150,2957.500
151,2775.500
152,2466.000
153,2318.000
154,1907.000
155,1643.000
156,1697.500
157,1852.000
158,2072.500
159,2508.500
160,2687.500
161,2924.500
162,2970.000
163,2902.000
164,2927.000
165,2680.500
166,2457.000
167,2160.000
168,1670.000
169,1730.500
170,1676.500
171,2002.500
172,2382.000
173,2501.500
174,2769.000
175,2964.000
176,2996.000
177,3011.000
178,2856.500
179,2458.000
180,2252.500
181,1901.000
182,1535.500
183,1743.500
184,1788.000
185,2228.500
186,2514.000
187,2646.500
188,2881.000
189,3108.500
190,2953.500
191,2954.500
192,2759.500
193,2448.000
194,2286.500
195,1869.000
196,1625.000
197,1604.000
198,1702.500
199,2002.500
200,2406.000
201,2744.000
202,2919.500
203,2985.000
204,3077.500
205,2908.000
206,2776.000
207,2365.000
208,1972.500
209,1732.000
210,1661.000
211,1719.000
212,1924.500
213,2392.500
214,2527.000
215,2785.000
216,3022.000
217,3073.500
218,3091.000
219,2887.500
220,2589.000
221,1992.000
222,1768.500
223,1741.500
224,1747.000
225,2045.000
226,2412.500
227,2514.500
228,2790.500
229,3095.000
230,2850.000
231,2969.500
232,2831.500
233,2497.500
234,2202.500
235,1797.500
236,1664.500
237,1795.500
238,2011.000
239,2348.500
240,2599.500
241,2811.500
242,2944.000
243,2972.000
244,2839.500
245,2877.000
246,2451.000
247,2226.500
248,1838.500
249,1679.500
250,1815.500
251,1800.000
252,2106.000
253,2469.000
254,2720.500
255,2962.000
256,3044.000
257,2946.000
258,2900.500
259,2773.000
260,2335.500
261,1929.000
262,1616.500
263,1785.500
264,1834.500
265,2043.500
266,2461.000
267,2602.000
268,2799.000
269,3028.500
270,3065.000
271,2935.500
272,2739.500
273,2304.000
274,2166.000
275,1893.500
276,1705.000
277,1833.000
278,2017.500
279,2329.500
280,2561.000
281,2843.500
282,2881.500
283,3037.000
284,2871.500
285,2884.500
286,2611.000
287,2291.500
288,1970.500
289,1644.500
290,1686.000
291,1779.000
292,2014.000
293,2291.500
294,2677.000
295,2729.500
296,2937.500
297,3051.500
298,2928.000
299,2881.500
300,2557.000
301,2271.000
302,2138.500
303,1887.000
304,1614.000
305,1785.000
306,1926.000
307,2148.000
308,2482.500
309,2747.500
310,2942.000
311,3122.000
312,3090.000
313,3142.000
314,2861.000
315,2379.500
316,1949.500
317,1740.500
318,1695.000
319,1953.000
320,2115.500
321,2431.500
322,2840.000
323,2882.000
324,3105.000
325,3011.500
326,3019.000
327,2866.000
328,2627.500
329,2020.000
330,1767.000
331,1797.000
332,1693.500
333,2139.500
334,2349.500
335,2604.000
336,2805.500
337,2923.000
338,2965.500
339,3072.000
340,2932.500
341,2630.000
342,2131.500
343,1897.000
344,1650.000
345,1725.000
346,1873.500
347,2255.000
348,2488.500
349,2699.500
350,2860.000
351,2966.000
352,2928.500
353,2903.500
354,2780.000
355,2387.500
356,2087.000
357,1756.500
358,1736.000
359,1873.500
360,2106.500
361,2302.000
362,2635.000
363,2752.500
364,3004.500
365,2962.500
366,2951.000
367,3007.000
368,2460.500
369,2169.500
370,1876.500
371,1688.500
372,1737.000
373,1810.500
374,2064.000
375,2495.500
376,2743.000
377,2864.000
378,2948.500
379,3080.000
380,3049.500
381,2665.500
382,2343.000
383,1974.000
384,1766.000
385,1655.000
386,1907.500
387,1997.500
388,2230.500
389,2386.500
390,2698.500
391,2836.500
392,3006.500
393,2816.500
394,2838.500
395,2631.500
396,2148.000
397,1852.000
398,1662.000
399,1754.000
400,1883.500
401,2149.000
402,2400.500
403,2585.000
404,2836.000
405,3075.000
406,2967.500
407,2977.000
408,2791.000
409,2490.000
410,2064.500
411,1745.000
412,1706.000
413,1740.000
414,2093.500
415,2354.500
416,2916.000
417,3079.500
418,3170.000
419,3066.500
420,3029.000
421,2842.500
422,2495.500
423,2090.500
424,1733.000
425,1684.000
426,1678.500
427,1867.000
428,2262.500
429,2564.500
430,2749.500
431,3048.500
432,3169.500
433,3001.000
434,2908.500
435,2561.500
436,2300.500
437,1752.000
438,1690.000
439,1746.500
440,1948.000
441,2393.500
442,2513.000
443,2665.500
444,3041.000
445,3166.000
446,3127.000
447,3045.500
448,2525.500
449,2160.000
450,1982.000
451,1635.500
452,1645.500
453,1922.500
454,2251.000
455,2574.500
456,2712.500
457,3000.000
458,3086.500
459,3128.000
460,3059.000
461,2762.000
462,2254.500
463,1884.000
464,1723.000
465,1661.500
466,1903.500
467,2202.000
468,2485.000
469,2778.000
470,2840.000
471,2974.000
472,2973.500
473,2897.000
474,2767.000
475,2472.000
476,1889.500
477,1587.000
478,1749.000
479,1868.500
480,2093.000
481,2388.000
482,2549.000
483,2833.000
484,2987.000
485,2919.500
486,2891.000
487,3036.000
488,2636.500
489,2404.500
490,1727.000
491,1745.500
492,1698.500
493,1957.500
494,2126.000
495,2439.500
496,2627.000
497,2921.000
498,2909.500
499,3027.500
500,2942.500
501,2850.500
502,2577.500
503,2030.500
504,1833.500
505,1731.000
506,1777.500
507,2123.000
508,2484.000
509,2555.500
510,2831.000
511,2935.500
512,3029.500
513,2947.000
514,2784.000
515,2582.500
516,2260.000
517,2105.500
518,1709.000
519,1691.500
520,1729.500
521,2088.000
522,2366.500
523,2596.000
524,2743.000
525,3048.000
526,3014.500
527,2971.500
528,2918.000
529,2601.500
530,2244.000
531,1825.500
532,1719.500
533,1704.000
534,1805.000
535,2042.000
536,2436.000
537,2577.500
538,2908.500
539,2932.000
540,2925.500
541,2813.500
542,2667.000
543,2452.500
544,2195.500
545,1851.000
546,1665.000
547,1749.000
548,1959.000
549,2271.000
550,2618.500
551,2774.000
552,2925.500
553,2904.500
554,2983.000
555,2848.500
556,2448.500
557,2279.500
558,2148.000
559,1866.000
560,1654.500
561,1673.000
562,1840.500
563,2108.000
564,2452.000
565,2670.000
566,2819.000
567,2970.000
568,2998.000
569,3014.000
570,2541.000
571,2267.000
572,2192.000
573,1746.000
574,1585.500
575,1764.000
576,1986.500
577,2241.000
578,2463.500
579,2760.500
580,2891.500
581,2950.000
582,3027.000
583,2875.000
584,2636.500
585,2329.500
586,2224.000
587,1970.000
588,1728.000
589,1752.500
590,1885.500
591,2212.000
592,2495.000
593,2795.000
594,2967.000
595,3077.000
596,2914.000
597,3004.000
598,2557.500
599,2407.500
600,2214.000
601,1910.500
602,1662.000
603,1710.000
604,1792.000
605,2046.000
606,2399.000
607,2626.500
608,2782.000
609,2949.000
610,3015.000
611,2976.000
612,3046.000
613,2703.500
614,2235.500
615,1840.500
616,1641.500
617,1639.500
618,1818.000
619,2166.000
620,2420.000
621,2706.000
622,2860.000
623,3126.500
624,2990.500
625,3068.000
626,2958.500
627,2512.500
628,2059.000
629,1840.500
630,1608.500
631,1645.500
632,1871.500
633,2274.500
634,2469.000
635,2818.000
636,3055.000
637,3003.000
638,3000.500
639,3015.000
640,2755.500
641,2314.000
642,1890.500
643,1756.000
644,1784.000
645,1915.500
646,2095.500
647,2412.500
648,2900.500
649,2953.000
650,3097.000
651,2871.500
652,2927.000
653,2732.000
654,2377.000
655,2272.500
656,1989.000
657,1746.000
658,1706.500
659,1857.000
660,2030.000
661,2397.000
662,2592.000
663,2857.000
664,2968.500
665,2925.000
666,2902.000
667,2754.000
668,2335.500
669,2246.000
670,1938.500
671,1650.500
672,1756.000
673,1922.500
674,2043.000
675,2547.500
676,2817.000
677,2964.500
678,3040.000
679,3011.000
680,2965.500
681,2619.000
682,2345.500
683,2069.500
684,1846.000
685,1755.500
686,1668.500
687,1752.000
688,2049.000
689,2423.000
690,2502.500
691,2835.000
692,2986.000
693,2985.500
694,2986.500
695,2928.000
696,2361.500
697,2213.000
698,1900.000
699,1700.500
700,1800.000
701,1880.500
702,2049.000
703,2457.500
704,2676.000
705,2768.500
706,2925.500
707,2987.000
708,2860.500
709,2906.000
710,2445.500
711,2183.000
712,1975.500
713,1733.500
714,1724.500
715,1802.500
716,2082.500
717,2428.000
718,2566.500
719,2859.500
720,3091.000
721,2930.500
722,2924.000
723,2812.500
724,2553.000
725,2279.500
726,2068.500
727,1724.000
728,1690.500
729,1825.000
730,2106.000
731,2342.500
732,2500.000
733,2851.500
734,3055.500
735,2974.000
736,3064.500
737,2878.500
738,2491.000
739,2128.000
740,1769.000
741,1698.500
742,1749.500
743,1920.000
744,2256.000
745,2556.000
746,2697.000
747,2943.500
748,3087.000
749,3137.000
750,2980.500
751,2712.500
752,2319.500
753,1936.000
754,1621.000
755,1593.000
756,1814.500
757,2052.000
758,2237.000
759,2475.000
760,2816.500
761,2998.500
762,3025.000
763,2972.000
764,2895.500
765,2365.000
766,2182.500
767,1952.000
768,1766.000
769,1782.000
770,1933.500
771,2192.500
772,2417.500
773,2730.500
774,2800.500
775,3027.000
776,2929.500
777,2843.500
778,2712.500
779,2341.500
780,2001.500
781,1665.000
782,1689.500
783,1874.500
784,2066.500
785,2405.500
786,2753.000
787,2850.500
788,2860.000
789,3066.000
790,2976.000
791,2841.000
792,2527.500
793,2332.000
794,1848.500
795,1720.500
796,1641.000
797,1788.500
798,2095.500
799,2415.000
800,2701.500
801,2821.000
802,3109.000
803,3010.500
804,3131.500
805,2846.000
806,2395.500
807,2101.000
808,1763.500
809,1710.500
810,1774.000
811,2011.500
812,2291.500
813,2684.000
814,2823.000
815,3140.000
816,3082.000
817,3049.000
818,2879.000
819,2506.500
820,2256.500
821,1809.000
822,1720.500
823,1760.500
824,2050.500
825,2277.000
826,2427.000
827,2814.000
828,3173.500
829,3221.000
830,3192.500
831,2932.500
832,2655.000
833,2253.500
834,1840.500
835,1678.500
836,1774.000
837,1805.000
838,2122.000
839,2425.000
840,2834.000
841,3071.000
842,3129.500
843,3071.000
844,3002.500
845,2679.000
846,2450.500
847,2026.500
848,1700.500
849,1611.500
850,1869.000
851,2061.500
852,2513.000
853,2864.000
854,3080.500
855,3016.500
856,3082.000
857,3036.500
858,2860.500
859,2415.000
860,2032.500
861,1648.500
862,1715.500
863,1792.000
864,1992.500
865,2403.500
866,2866.000
867,3000.500
868,3056.000
869,2991.500
870,2996.500
871,2836.000
872,2473.500
873,2126.500
874,1737.500
875,1667.000
876,1809.000
877,2068.000
878,2383.000
879,2746.500
880,2796.500
881,3112.500
882,3046.000
883,2903.000
884,2850.000
885,2576.000
886,2167.500
887,1804.000
888,1681.000
889,1684.000
890,1875.000
891,2169.000
892,2440.000
893,2664.500
894,2941.500
895,3063.500
896,2916.500
897,2952.000
898,2759.000
899,2425.000
900,2267.500
901,1827.500
902,1782.500
903,1785.000
904,1878.000
905,2233.500
906,2583.000
907,2768.500
908,3000.000
909,3065.000
910,2995.000
911,2859.000
912,2611.000
913,2293.500
914,1858.000
915,1756.000
916,1771.500
917,1942.500
918,2200.000
919,2534.000
920,2842.000
921,2912.000
922,3125.500
923,2915.500
924,2971.000
925,2735.000
926,2390.500
927,2036.000
928,1814.500
929,1647.500
930,1744.000
931,1938.500
932,2361.500
933,2645.000
934,2697.500
935,2911.500
936,3017.500
937,3051.000
938,3000.000
939,2704.000
940,2479.500
941,2205.500
942,1700.500
943,1678.000
944,1839.500
945,2146.000
946,2381.000
947,2650.000
948,2883.000
949,3053.500
950,2953.000
951,3038.500
952,2871.500
953,2771.500
954,2230.000
955,1918.000
956,1764.500
957,1691.000
958,1972.500
959,2256.000
960,2573.500
961,2759.500
962,2847.000
963,3039.000
964,2992.500
965,2931.000
966,2649.500
967,2452.500
968,2183.500
969,1706.500
970,1751.500
971,1910.000
972,2091.000
973,2404.000
974,2571.500
975,2934.000
976,3112.000
977,3054.500
978,3000.000
979,2759.500
980,2363.000
981,2207.500
982,1898.500
983,1692.000
984,1656.000
985,1863.000
986,2115.000
987,2456.500
988,2659.500
989,2946.500
990,3015.500
991,3099.000
992,3000.000
993,2842.000
994,2439.500
995,2244.000
996,2001.500
997,1702.500
998,1702.000
999,1774.500
1000,2025.000
1001,2319.000
1002,2682.000
1003,2809.000
1004,3221.500
1005,3066.000
1006,2980.500
1007,2696.000
1008,2316.000
1009,2189.500
1010,1739.500
1011,1736.500
1012,1796.000
1013,2069.500
1014,2273.500
1015,2612.000
1016,2876.000
1017,3056.000
1018,3032.000
1019,3073.500
1020,2927.000
1021,2542.000
1022,2340.000
1023,2057.000
1024,1800.000
1025,1790.500
1026,1966.000
1027,2231.000
1028,2522.500
1029,2765.500
1030,2909.000
1031,2984.000
1032,3132.000
1033,2977.000
1034,2606.000
1035,2342.000
1036,2247.000
1037,1773.000
1038,1698.500
1039,1739.000
1040,1969.000
1041,2369.000
1042,2681.000
1043,2814.000
1044,2835.500
1045,3107.000
1046,3060.000
1047,3147.000
1048,2932.500
1049,2336.000
1050,1997.000
1051,1666.500
1052,1788.000
1053,1974.500
1054,2360.000
1055,2481.000
1056,2729.000
1057,2869.000
1058,3095.000
1059,3002.500
1060,3089.500
1061,2756.000
1062,2489.000
1063,2028.000
1064,1765.000
1065,1682.000
1066,1740.500
1067,2076.500
1068,2327.500
1069,2604.500
1070,2730.000
1071,3106.000
1072,3119.500
1073,3245.000
1074,2935.000
1075,2477.000
1076,2147.000
1077,1732.000
1078,1682.500
1079,1772.500
1080,1939.000
1081,2324.000
1082,2577.000
1083,2875.500
1084,3037.000
1085,2975.000
1086,3008.000
1087,3061.500
1088,2644.000
1089,2125.500
1090,1875.500
1091,1648.500
1092,1740.000
1093,1930.000
1094,2231.000
1095,2628.000
1096,2789.500
1097,2974.000
1098,3067.000
1099,3046.500
1100,3167.000
1101,2868.500
1102,2455.000
1103,2127.000
1104,1779.500
1105,1583.500
1106,1720.000
1107,1954.000
1108,2189.000
1109,2524.500
1110,2780.000
1111,3046.000
1112,3270.000
1113,3234.000
1114,2939.000
1115,2607.500
1116,2405.500
1117,2047.000
1118,1644.500
1119,1762.500
1120,1944.000
1121,2137.500
1122,2411.000
1123,2736.500
1124,3019.500
1125,3398.500
1126,3235.000
1127,3090.500
1128,2894.500
1129,2523.000
1130,2111.000
1131,1830.000
1132,1734.000
1133,1779.500
1134,1976.000
1135,2306.500
1136,2665.500
1137,3070.000
1138,3062.000
1139,3082.500
1140,3228.000
1141,2987.500
1142,2626.500
1143,2306.500
1144,1877.000
1145,1662.500
1146,1712.000
1147,1987.000
1148,2214.500
1149,2698.500
1150,3002.000
1151,3136.500
1152,3212.000
1153,3107.500
1154,3068.000
1155,2721.500
1156,2337.000
1157,2042.500
1158,1712.000
1159,1684.500
1160,1931.000
1161,2219.000
1162,2573.500
1163,3023.000
1164,3019.500
1165,3221.000
1166,3199.000
1167,2909.000
1168,2728.000
1169,2345.500
1170,2018.500
1171,1694.000
1172,1662.500
1173,1868.500
1174,2245.000
1175,2683.500
1176,2973.500
1177,3098.500
1178,3115.500
1179,3124.000
1180,3009.000
1181,2672.500
1182,2486.500
1183,2148.500
1184,1716.500
1185,1605.000
1186,1767.000
1187,2103.000
1188,2410.000
1189,2612.000
1190,2897.500
1191,3019.500
1192,3041.000
1193,3185.500
1194,2856.500
1195,2710.000
1196,2375.500
1197,1858.000
1198,1655.000
1199,1762.500
1200,1936.500
1201,2298.500
1202,2620.000
1203,2826.500
1204,2972.000
1205,3077.500
1206,3144.000
1207,3044.500
1208,2715.000
1209,2384.000
1210,1995.000
1211,1730.000
1212,1865.500
1213,1994.000
1214,2138.500
1215,2326.500
1216,2618.500
1217,2842.500
1218,2950.500
1219,3106.000
1220,3123.500
1221,2964.500
1222,2569.000
1223,2124.500
1224,1859.500
1225,1851.000
1226,1851.500
1227,2115.500
1228,2572.500
1229,2513.500
1230,2837.000
1231,2969.500
1232,3075.000
1233,3090.500
1234,2890.000
1235,2742.500
1236,2272.500
1237,2058.500
1238,1903.500
1239,1691.500
1240,1772.000
1241,2110.500
1242,2295.500
1243,2529.500
1244,2683.000
1245,2924.500
1246,3220.500
1247,3142.500
1248,2947.500
1249,2785.500
1250,2234.000
1251,2339.500
1252,2102.500
1253,1985.000
1254,1766.500
1255,1787.000
1256,2043.000
1257,2380.000
1258,2700.000
1259,2834.000
1260,3020.500
1261,3073.500
1262,2969.500
1263,2942.000
1264,2400.000
1265,2248.500
1266,2063.500
1267,1862.000
1268,1880.000
1269,2067.000
1270,2157.500
1271,2470.500
1272,2671.000
1273,2905.500
1274,3111.000
1275,2970.500
1276,2947.500
1277,2720.500
1278,2314.000
1279,2198.500
1280,1843.000
1281,1625.000
1282,1645.000
1283,1833.500
1284,2164.500
1285,2471.000
1286,2693.000
1287,2820.500
1288,3027.000
1289,3076.000
1290,2986.500
1291,2777.000
1292,2370.000
1293,2114.000
1294,1855.500
1295,1745.500
1296,1869.000
1297,1918.500
1298,2200.500
1299,2626.000
1300,2775.500
1301,2939.000
1302,3211.000
1303,3206.500
1304,3046.500
1305,2665.500
1306,2323.000
1307,1960.000
1308,1766.500
1309,1725.500
1310,1873.500
1311,2037.000
1312,2333.000
1313,2566.500
1314,2762.500
1315,3122.500
1316,3187.500
1317,3155.000
1318,2938.000
1319,2591.500
1320,2357.000
1321,2044.000
1322,1830.500
1323,1677.000
1324,1818.000
1325,2095.000
1326,2395.500
1327,2632.000
1328,2800.000
1329,2928.500
1330,3235.500
1331,3048.500
1332,2952.000
1333,2614.000
1334,2406.500
1335,1993.000
1336,1810.500
1337,1715.000
1338,1815.000
1339,1908.500
1340,2392.500
1341,2478.500
1342,2851.000
1343,2938.500
1344,3151.000
1345,3133.000
1346,2963.500
1347,2691.000
1348,2289.000
1349,2075.000
1350,1842.000
1351,1820.000
1352,1867.000
1353,2000.500
1354,2479.500
1355,2715.000
1356,2819.500
1357,3052.500
1358,3105.000
1359,3063.500
1360,2910.500
1361,2468.500
1362,2329.500
1363,2035.500
1364,1842.500
1365,1819.500
1366,1909.000
1367,2326.000
1368,2537.000
1369,2681.500
1370,3018.500
1371,3075.500
1372,3078.500
1373,2910.500
1374,2733.500
1375,2427.500
1376,2156.000
1377,1799.500
1378,1777.000
1379,1818.500
1380,2091.500
1381,2450.500
1382,2686.500
1383,2854.000
1384,3180.000
1385,3169.500
1386,3054.000
1387,2971.500
1388,2639.500
1389,2563.000
1390,2033.000
1391,1680.000
1392,1810.000
1393,1838.000
1394,2180.000
1395,2565.500
1396,2767.500
1397,2928.000
1398,3039.000
1399,2972.000
1400,3050.000
1401,3024.500
1402,2693.500
1403,2193.500
1404,1761.500
1405,1729.000
1406,1801.000
1407,2068.000
1408,2500.500
1409,2685.500
1410,2849.000
1411,3102.000
1412,3097.000
1413,3313.500
1414,3283.000
1415,2575.500
1416,2135.500
1417,1898.000
1418,1655.000
1419,1709.500
1420,1929.500
1421,2247.000
1422,2548.000
1423,2742.500
1424,3082.500
1425,3162.000
1426,3126.500
1427,3317.000
1428,2832.500
1429,2503.500
1430,1993.000
1431,1816.500
1432,1709.000
1433,1740.000
1434,2087.500
1435,2343.500
1436,2625.000
1437,2879.500
1438,3047.000
1439,3135.000
1440,3102.000
1441,3051.500
1442,2680.500
1443,2268.500
1444,1909.000
1445,1685.500
1446,1627.000
1447,1828.500
1448,2206.000
1449,2539.000
1450,2688.000
1451,2940.500
1452,3219.500
1453,3436.000
1454,3269.000
1455,2825.000
1456,2376.000
1457,2087.500
1458,1748.000
1459,1716.000
1460,1824.000
1461,2165.000
1462,2513.500
1463,2822.000
1464,3083.000
1465,3350.000
1466,3286.500
1467,3096.000
1468,2947.000
1469,2489.000
1470,2104.000
1471,1769.000
1472,1679.500
1473,1826.500
1474,2014.000
1475,2543.000
1476,2866.000
1477,3152.500
1478,3148.000
1479,3079.000
1480,3061.000
1481,2789.000
1482,2463.000
1483,2037.000
1484,1746.500
1485,1681.500
1486,1788.000
1487,2068.000
1488,2505.000
1489,2843.500
1490,3031.500
1491,3113.000
1492,3153.500
1493,3081.500
1494,2950.000
1495,2536.500
1496,2223.000
1497,1932.000
1498,1673.000
1499,1751.000
1500,1824.500
1501,2263.000
1502,2573.000
1503,2824.000
1504,2982.000
1505,3043.000
1506,3086.500
1507,3030.000
1508,2812.000
1509,2614.500
1510,2318.000
1511,1977.500
1512,1918.500
1513,1898.500
1514,1987.000
1515,2319.000
1516,2635.500
1517,2869.500
1518,3008.000
1519,3147.500
1520,3048.000
1521,2980.000
1522,2676.000
1523,2379.000
1524,2300.500
1525,1888.500
1526,1708.500
1527,1721.500
1528,2136.500
1529,2422.500
1530,2709.000
1531,2906.000
1532,3092.500
1533,3129.000
1534,3087.500
1535,2922.000
1536,2743.000
1537,2564.500
1538,1991.000
1539,1788.500
1540,1808.500
1541,1840.500
1542,2075.500
1543,2478.000
1544,2645.000
1545,2928.500
1546,3351.500
1547,3160.500
1548,3073.000
1549,2929.000
1550,2381.000
1551,2085.500
1552,1688.000
1553,1606.000
1554,1791.500
1555,2247.000
1556,2691.500
1557,2961.000
1558,3102.500
1559,3233.500
1560,3163.500
1561,3192.000
1562,2895.000
1563,2509.500
1564,2156.000
1565,1817.500
1566,1678.500
1567,1786.500
1568,2213.000
1569,2505.000
1570,2760.500
1571,2932.500
1572,3141.500
1573,3152.500
1574,3150.000
1575,2900.500
1576,2476.500
1577,2237.500
1578,1802.000
1579,1618.000
1580,1820.000
1581,2515.500
1582,2301.500
1583,2753.500
1584,3303.000
1585,3123.500
1586,3167.500
1587,3251.500
1588,3392.500
1589,2847.000
1590,2520.500
1591,2303.500
1592,1818.000
1593,1737.500
1594,1691.500
1595,1940.000
1596,2243.000
1597,2501.500
1598,2744.000
1599,3060.500
1600,3126.000
1601,3049.500
1602,2969.500
1603,2651.000
1604,2377.500
1605,2253.000
1606,1974.000
1607,1660.500
1608,1726.500
1609,1967.500
1610,1980.500
1611,2491.000
1612,2574.500
1613,2921.000
1614,3103.000
1615,3016.500
1616,2985.500
1617,2940.000
1618,2785.500
1619,2478.000
1620,2259.500
1621,1935.500
1622,1541.500
1623,1673.500
1624,2197.000
1625,2207.500
1626,2546.000
1627,2788.000
1628,3146.000
1629,3323.000
1630,3339.000
1631,3575.500
1632,2515.500
1633,2432.000
1634,2555.500
1635,2259.500
1636,1696.500
1637,1704.000
1638,1926.000
1639,2285.000
1640,2480.500
1641,2978.500
1642,3169.000
1643,2808.500
1644,3287.000
1645,2901.000
1646,2768.000
1647,2460.000
1648,2407.500
1649,2308.500
1650,1720.500
1651,1575.500
1652,1676.000
1653,1990.000
1654,2310.500
1655,2825.000
1656,3210.500
1657,3499.000
1658,3088.500
1659,3079.000
1660,2872.000
1661,2769.000
1662,2448.500
1663,2206.000
1664,1858.500
1665,1934.500
1666,2051.500
1667,2311.500
1668,2762.000
1669,2962.500
1670,3356.000
1671,3586.000
1672,3554.500
1673,3514.500
1674,3116.500
1675,2638.500
1676,2559.500
1677,2395.000
1678,2061.500
1679,1789.000
1680,1585.000
1681,1669.500
1682,1979.000
1683,2471.500
1684,2810.500
1685,2877.000
1686,3297.000
1687,3460.000
1688,3184.000
1689,3123.000
1690,2774.000
1691,2505.000
1692,2029.500
1693,1741.000
1694,1651.500
1695,1872.500
1696,2124.500
1697,2525.500
1698,2830.500
1699,3125.500
1700,3486.500
1701,3428.000
1702,3298.000
1703,2992.500
1704,2457.000
1705,2288.500
1706,2120.000
1707,1764.500
1708,1670.000
1709,1882.000
1710,2267.000
1711,2562.000
1712,2864.000
1713,3108.000
1714,3431.000
1715,3354.000
1716,3503.000
1717,3277.000
1718,2818.500
1719,2383.000
1720,2042.000
1721,1751.500
1722,1795.500
1723,2017.000
1724,2343.500
1725,2668.000
1726,3029.000
1727,3258.000
1728,3252.500
1729,3392.500
1730,3160.500
1731,2834.500
1732,2475.000
1733,2239.000
1734,1898.500
1735,1760.000
1736,1860.500
1737,2381.500
1738,2735.000
1739,3030.000
1740,3139.000
1741,3351.000
1742,3333.000
1743,3291.000
1744,3135.000
1745,2733.500
1746,2411.000
1747,2015.500
1748,1841.500
1749,1721.000
1750,1936.000
1751,2428.000
1752,2942.000
1753,3244.500
1754,3272.500
1755,3412.500
1756,3250.000
1757,3186.000
1758,2989.000
1759,2653.500
1760,2377.500
1761,1851.000
1762,1827.000
1763,1884.000
1764,2168.500
1765,2461.000
1766,2935.000
1767,3380.500
1768,3557.000
1769,3685.500
1770,3237.000
1771,3152.000
1772,2777.500
1773,2501.500
1774,1977.000
1775,1741.000
1776,1760.500
1777,1951.000
1778,2290.000
1779,2692.000
1780,2983.500
1781,3268.500
1782,3578.000
1783,3541.000
1784,3334.500
1785,2980.000
1786,2577.500
1787,2253.000
1788,1772.000
1789,1700.500
1790,1851.500
1791,2007.000
1792,2665.000
1793,3204.000
1794,3462.500
1795,3531.500
1796,3377.000
1797,3239.000
1798,2995.000
1799,2693.500
1800,2450.500
1801,1983.500
1802,1892.000
1803,1758.000
1804,1952.500
1805,2326.000
1806,2792.000
1807,2978.500
1808,3153.000
1809,3361.000
1810,3120.500
1811,3027.500
1812,2713.000
1813,2453.500
1814,1898.000
1815,1810.000
1816,1882.000
1817,2165.500
1818,2622.500
1819,3026.500
1820,3087.000
1821,3252.000
1822,3289.500
1823,3126.500
1824,3131.000
1825,2840.500
1826,2607.500
1827,2411.500
1828,1878.000
1829,1662.000
1830,1769.000
1831,2111.000
1832,2355.500
1833,2779.000
1834,3104.000
1835,3077.000
1836,3152.500
1837,3141.000
1838,3048.500
1839,2649.500
1840,2338.500
1841,2301.000
1842,1818.000
1843,1809.500
1844,1924.500
1845,2106.500
1846,2490.500
1847,2793.500
1848,3019.000
1849,3166.500
1850,3180.500
1851,3113.500
1852,3105.000
1853,2612.500
1854,2533.000
1855,2282.000
1856,1929.000
1857,1860.500
1858,1869.000
1859,2179.000
1860,2622.000
1861,2850.500
1862,2992.500
1863,3287.500
1864,3307.000
1865,3191.500
1866,2935.000
1867,2390.000
1868,2479.500
1869,1971.000
1870,1692.000
1871,1789.000
1872,2082.500
1873,2245.500
1874,2642.500
1875,2957.500
1876,3102.000
1877,3281.000
1878,3153.000
1879,3086.500
1880,2751.000
1881,2529.500
1882,2549.000
1883,1901.000
1884,1702.500
1885,1744.000
1886,1937.000
1887,2397.000
1888,2630.000
1889,2972.500
1890,3147.000
1891,3257.500
1892,3210.000
1893,3185.500
1894,2774.000
1895,2435.000
1896,2177.500
1897,1853.000
1898,1677.000
1899,1842.500
1900,2094.500
1901,2469.500
1902,2773.500
1903,3021.000
1904,3218.500
1905,3306.500
1906,3104.500
1907,3012.500
1908,2735.500
1909,2347.000
1910,2037.000
1911,1676.000
1912,1699.000
1913,1989.500
1914,2454.000
1915,2816.000
1916,2957.500
1917,3173.000
1918,3422.500
1919,3242.500
1920,3001.000
1921,2748.500
1922,2503.500
1923,2136.500
1924,1780.000
1925,1831.500
1926,1948.500
1927,2380.000
1928,2875.000
1929,3229.500
1930,3170.500
1931,3254.500
1932,3316.000
1933,3088.500
1934,2800.500
1935,2474.000
1936,2234.500
1937,1924.000
1938,1722.000
1939,1791.500
1940,1861.500
1941,2286.500
1942,2618.500
1943,2944.000
1944,3176.500
1945,3349.500
1946,3267.000
1947,3076.500
1948,2830.500
1949,2334.000
1950,2262.000
1951,2281.500
1952,1971.500
1953,1678.000
1954,1710.500
1955,1848.500
1956,2087.000
1957,2504.500
1958,2807.000
1959,3080.500
1960,3139.500
1961,3275.000
1962,3205.500
1963,2922.000
1964,2591.000
1965,2217.500
1966,1783.500
1967,1794.000
1968,1849.500
1969,2176.500
1970,2592.500
1971,2925.000
1972,3312.500
1973,3525.000
1974,3322.000
1975,3218.000
1976,2801.000
1977,2540.000
1978,2192.000
1979,1824.000
1980,1660.000
1981,1851.000
1982,1917.000
1983,2473.500
1984,2949.000
1985,3193.500
1986,3350.000
1987,3316.500
1988,3100.500
1989,2999.500
1990,2567.000
1991,2252.500
1992,1873.000
1993,1794.000
1994,1840.500
1995,1987.000
1996,2348.500
1997,2748.500
1998,3011.500
1999,3288.500
2000,3522.000
2001,3457.000
2002,3160.000
2003,2489.000
2004,2357.500
2005,1984.500
2006,1809.000
2007,1847.000
2008,2093.500
2009,2410.000
2010,2874.500
2011,3111.000
2012,3483.000
2013,3442.000
2014,3216.500
2015,3070.500
2016,2675.000
2017,2558.000
2018,2103.000
2019,1821.500
2020,1708.500
2021,1860.000
2022,2065.000
2023,2578.500
2024,2779.500
2025,3048.000
2026,3232.500
2027,3196.500
2028,3200.000
2029,3005.000
2030,2754.000
2031,2221.000
2032,1792.500
2033,1736.500
2034,1847.000
2035,2127.500
2036,2514.500
2037,2694.500
2038,3097.500
2039,3322.500
2040,3341.000
2041,3181.000
2042,2882.500
2043,2584.000
2044,2320.000
2045,1988.000
2046,1745.000
2047,1656.500
2048,1846.000
2049,2296.000
2050,2560.000
2051,2862.500
2052,3139.000
2053,3372.000
2054,3426.500
2055,3277.000
2056,2925.000
2057,2487.000
2058,2260.000
2059,1720.000
2060,1815.500
2061,1825.000
2062,2143.500
2063,2573.500
2064,2819.000
2065,3113.000
2066,3170.500
2067,3079.500
2068,3067.000
2069,2859.500
2070,2510.500
2071,2373.000
2072,1970.500
2073,1790.500
2074,1932.000
2075,2000.500
2076,2323.000
2077,2650.500
2078,3001.000
2079,3174.000
2080,3331.500
2081,3221.000
2082,3047.000
2083,2742.000
2084,2438.000
2085,2192.500
2086,1754.500
2087,1719.500
2088,1850.000
2089,2188.500
2090,2621.000
2091,2748.000
2092,3095.500
2093,3223.000
2094,3188.500
2095,3076.000
2096,2956.500
2097,2717.500
2098,2506.500
2099,1833.500
2100,1731.000
2101,1729.500
2102,1903.500
2103,2329.000
2104,2704.500
2105,2905.500
2106,3174.500
2107,3221.500
2108,3314.000
2109,3218.000
2110,2844.000
2111,2512.500
2112,2061.000
2113,1775.500
2114,1745.000
2115,1851.000
2116,2173.500
2117,2493.500
2118,2880.500
2119,3006.500
2120,3202.000
2121,3227.500
2122,3019.500
2123,2799.000
2124,2633.500
2125,2490.500
2126,2206.500
2127,1758.500
2128,1680.000
2129,1799.500
2130,2144.000
2131,2522.000
2132,2770.500
2133,3097.500
2134,3209.000
2135,3293.000
2136,3089.000
2137,2917.000
2138,2616.500
2139,2206.500
2140,1885.500
2141,1740.500
2142,1733.000
2143,2001.000
2144,2515.000
2145,2678.500
2146,2967.000
2147,3157.500
2148,3288.000
2149,3088.500
2150,3312.000
2151,3255.000
2152,2795.000
2153,2257.000
2154,1833.500
2155,1804.000
2156,1851.000
2157,2048.000
2158,2426.000
2159,2643.000
2160,3053.500
2161,3184.500
2162,3212.500
2163,3128.000
2164,2910.500
2165,2559.500
2166,2526.000
2167,2063.500
2168,1789.500
2169,1724.500
2170,1916.000
2171,2281.000
2172,2536.000
2173,2754.500
2174,3026.500
2175,3186.500
2176,3138.000
2177,3077.500
2178,2909.000
2179,2474.000
2180,2370.500
2181,1920.000
2182,1843.500
2183,1745.500
2184,1967.000
2185,2437.500
2186,2739.000
2187,3044.500
2188,3156.000
2189,3278.500
2190,3254.000
2191,3126.000
2192,2857.500
2193,2433.000
2194,2180.000
2195,1725.000
2196,1724.500
2197,1796.500
2198,2162.000
2199,2603.000
2200,2981.500
2201,3184.500
2202,3206.000
2203,3210.500
2204,3175.500
2205,3046.000
2206,2572.000
2207,2337.500
2208,1964.500
2209,1776.500
2210,1699.000
2211,1853.500
2212,2296.500
2213,2681.500
2214,3139.000
2215,3275.000
2216,3170.000
2217,3160.500
2218,3031.000
2219,2873.000
2220,2375.500
2221,2001.000
2222,1752.500
2223,1797.000
2224,1971.500
2225,2251.500
2226,2705.000
2227,2925.000
2228,3164.500
2229,3170.000
2230,3205.000
2231,3107.000
2232,2927.500
2233,2537.500
2234,2316.000
2235,1737.500
2236,1742.500
2237,1784.500
2238,2033.000
2239,2381.500
2240,2674.000
2241,2740.500
2242,3136.500
2243,3126.500
2244,3170.500
2245,3160.500
2246,2804.500
2247,2424.500
2248,1989.500
2249,1810.500
2250,1742.000
2251,2011.000
2252,2367.500
2253,2642.500
2254,2917.500
2255,3058.500
2256,3194.000
2257,3048.500
2258,3093.000
2259,2730.000
2260,2469.000
2261,1966.500
2262,1666.500
2263,1733.500
2264,1735.500
2265,2069.500
2266,2496.500
2267,2718.000
2268,2980.500
2269,3161.000
2270,3245.500
2271,3237.500
2272,2987.000
2273,2568.000
2274,2285.500
2275,1936.000
2276,1674.500
2277,1821.000
2278,1943.500
2279,2252.500
2280,2558.500
2281,2776.500
2282,3070.000
2283,3320.500
2284,3289.500
2285,3284.000
2286,2720.000
2287,2428.000
2288,2113.500
2289,1741.000
2290,1795.000
2291,1837.000
2292,2394.000
2293,2667.000
2294,2773.000
2295,3033.000
2296,3174.500
2297,3152.000
2298,3089.000
2299,2823.000
2300,2544.000
2301,2490.000
2302,2214.500
2303,1752.500
2304,1767.000
2305,1812.000
2306,2020.000
2307,2394.500
2308,2689.500
2309,2794.000
2310,3098.500
2311,3094.000
2312,3088.500
2313,2937.000
2314,2686.000
2315,2257.500
2316,2219.000
2317,1670.500
2318,1672.000
2319,1691.000
2320,1961.000
2321,2287.500
2322,2657.500
2323,2864.000
2324,3063.500
2325,3173.000
2326,3049.000
2327,3040.000
2328,2765.000
2329,2397.000
2330,2087.000
2331,1786.000
2332,1770.500
2333,1808.500
2334,2014.000
2335,2318.500
2336,2749.500
2337,3079.000
2338,3152.500
2339,3217.500
2340,3097.000
2341,3059.000
2342,2634.000
2343,2430.500
2344,1944.000
2345,1792.000
2346,1762.000
2347,1978.500
2348,2252.000
2349,2549.500
2350,2889.000
2351,2946.500
2352,3165.000
2353,3095.500
2354,3180.000
2355,2775.000
2356,2435.500
2357,1992.500
2358,1797.000
2359,1855.500
2360,2079.500
2361,2307.500
2362,2507.000
2363,2861.000
2364,3015.000
2365,3177.000
2366,3041.000
2367,3127.000
2368,2831.000
2369,2493.500
2370,2356.500
2371,2033.000
2372,1724.000
2373,1642.500
2374,1842.000
2375,2165.000
2376,2519.000
2377,2744.000
2378,2973.000
2379,3037.000
2380,3182.500
2381,3007.000
2382,2918.000
2383,2497.000
2384,2286.500
2385,2125.000
2386,1707.000
2387,1658.000
2388,1828.000
2389,1942.500
2390,2476.500
2391,2622.000
2392,3016.000
2393,3136.500
2394,3024.000
2395,3063.500
2396,2868.000
2397,2466.000
2398,2315.000
2399,1989.500
2400,1823.000
2401,1759.000
2402,1850.000
2403,2048.500
2404,2287.500
2405,2675.500
2406,2968.000
2407,3046.000
2408,3087.500
2409,3107.000
2410,2941.000
2411,2605.500
2412,2357.500
2413,2298.500
2414,1898.500
2415,1654.000
2416,1662.000
2417,1860.000
2418,2132.000
2419,2608.000
2420,2743.500
2421,2968.500
2422,3197.500
2423,3074.500
2424,3022.500
2425,2778.500
2426,2434.500
2427,2215.000
2428,1916.500
2429,1766.000
2430,1733.000
2431,1861.000
2432,2036.000
2433,2552.500
2434,2729.500
2435,3001.500
2436,3074.500
2437,3079.500
2438,3031.000
2439,2860.000
2440,2519.500
2441,2326.000
2442,2095.500
2443,1815.500
2444,1668.000
2445,1715.000
2446,1879.000
2447,2213.500
2448,2636.500
2449,2948.500
2450,3033.000
2451,3111.000
2452,3131.000
2453,3125.000
2454,2719.500
2455,2459.500
2456,1927.500
2457,1744.000
2458,1768.000
2459,2028.000
2460,2371.500
2461,2678.500
2462,2977.000
2463,3092.000
2464,3221.000
2465,3144.500
2466,3128.500
2467,2751.500
2468,2499.000
2469,2168.500
2470,1928.500
2471,1661.000
2472,1726.500
2473,1956.500
2474,2433.500
2475,2699.000
2476,2998.500
2477,3137.000
2478,3130.000
2479,3148.500
2480,3052.500
2481,2650.000
2482,2396.000
2483,1999.500
2484,1789.000
2485,1807.500
2486,1824.500
2487,2163.000
2488,2643.500
2489,3017.000
2490,3141.500
2491,3118.000
2492,2957.000
2493,3094.000
2494,2850.000
2495,2409.000
2496,2214.500
2497,1862.500
2498,1802.000
2499,1762.000
2500,2061.000
2501,2293.000
2502,2637.500
2503,3003.000
2504,3021.000
2505,3222.000
2506,3224.500
2507,3151.500
2508,2832.000
2509,2349.500
2510,2030.500
2511,1735.500
2512,1767.500
2513,1898.000
2514,2234.000
2515,2536.000
2516,2743.500
2517,3054.000
2518,3289.000
2519,3251.000
2520,3174.500
2521,2954.500
2522,2518.500
2523,2227.000
2524,1685.000
2525,1806.000
2526,1883.000
2527,2204.000
2528,2477.000
2529,2706.500
2530,2985.500
2531,3264.000
2532,3294.500
2533,3253.000
2534,3106.000
2535,2564.000
2536,2167.000
2537,1771.000
2538,1645.500
2539,1765.500
2540,2095.500
2541,2373.000
2542,2664.500
2543,3000.500
2544,3184.500
2545,3203.000
2546,3021.000
2547,3157.500
2548,2556.500
2549,2380.000
2550,2181.500
2551,1776.000
2552,1746.500
2553,1855.500
2554,2126.000
2555,2436.000
2556,2731.500
2557,2970.000
2558,3140.500
2559,3048.500
2560,3013.500
2561,2881.500
2562,2414.500
2563,2333.500
2564,2212.500
2565,1765.000
2566,1725.000
2567,1690.500
2568,1935.000
2569,2333.500
2570,2712.000
2571,2953.000
2572,3040.000
2573,3251.500
2574,3162.500
2575,3098.500
2576,2681.500
2577,2330.500
2578,2075.000
2579,1735.000
2580,1818.500
2581,1836.500
2582,2148.000
2583,2372.000
2584,2747.500
2585,3025.000
2586,3268.000
2587,3186.000
2588,3187.000
2589,3029.500
2590,2530.000
2591,2231.500
2592,1869.500
2593,1748.000
2594,1819.500
2595,2032.000
2596,2379.500
2597,2805.500
2598,2936.000
2599,3186.000
2600,3169.500
2601,3050.000
2602,3035.500
2603,2798.500
2604,2547.500
2605,2253.000
2606,1782.500
2607,1701.000
2608,1769.000
2609,1954.000
2610,2278.500
2611,2710.500
2612,2927.500
2613,3201.500
2614,3070.000
2615,2983.500
2616,2987.000
2617,2834.000
2618,2513.000
2619,2116.500
2620,1822.000
2621,1695.000
2622,1761.500
2623,2033.500
2624,2437.000
2625,2638.000
2626,2795.000
2627,3174.500
2628,3117.500
2629,3088.500
2630,3113.000
2631,2807.000
2632,2567.500
2633,2103.500
2634,1760.000
2635,1657.500
2636,1810.000
2637,2114.500
2638,2481.000
2639,2829.500
2640,3107.000
2641,3185.000
2642,3135.500
2643,3006.000
2644,2920.000
2645,2505.500
2646,2372.000
2647,1980.000
2648,1747.500
2649,1647.000
2650,1825.000
2651,2080.500
2652,2412.000
2653,2803.000
2654,2970.500
2655,3194.500
2656,3105.500
2657,3307.000
2658,2964.500
2659,2535.000
2660,2322.500
2661,2063.500
2662,1747.000
2663,1649.000
2664,1749.000
2665,2168.000
2666,2674.000
2667,2909.500
2668,3041.000
2669,3187.000
2670,3117.000
2671,3040.500
2672,2980.000
2673,2580.500
2674,2289.500
2675,1860.500
2676,1806.000
2677,1797.500
2678,2064.500
2679,2421.500
2680,2818.000
2681,3037.000
2682,3191.500
2683,3225.500
2684,3169.500
2685,3048.000
2686,2730.500
2687,2341.500
2688,2055.500
2689,1802.500
2690,1728.500
2691,1851.500
2692,2179.500
2693,2454.000
2694,2923.500
2695,3125.000
2696,3310.500
2697,3107.500
2698,3024.000
2699,2754.000
2700,2510.000
2701,2149.000
2702,1811.500
2703,1719.000
2704,1941.500
2705,2119.000
2706,2668.000
2707,2849.500
2708,3133.500
2709,3163.000
2710,3137.000
2711,2962.500
2712,2728.000
2713,2560.000
2714,2350.500
2715,1881.000
2716,1796.000
2717,1724.500
2718,2018.500
2719,2148.000
2720,2680.000
2721,2798.000
2722,3067.500
2723,3176.500
2724,3166.500
2725,3212.000
2726,3192.000
2727,2647.000
2728,2302.500
2729,1951.000
2730,1766.000
2731,1652.000
2732,1986.500
2733,2165.000
2734,2548.500
2735,2724.000
2736,2948.000
2737,3062.000
2738,3040.000
2739,3077.500
2740,2846.500
2741,2520.000
2742,2343.000
2743,2017.500
2744,1687.000
2745,1684.000
2746,1916.000
2747,2147.000
2748,2547.500
2749,2797.000
2750,3136.500
2751,3217.500
2752,3157.500
2753,3077.500
2754,2889.000
2755,2537.000
2756,2260.500
2757,1833.000
2758,1733.500
2759,1803.000
2760,2011.000
2761,2379.500
2762,2736.000
2763,2888.000
2764,3098.500
2765,3086.500
2766,3163.500
2767,3101.000
2768,2691.500
2769,2484.000
2770,2214.500
2771,1926.000
2772,1750.500
2773,1646.500
2774,1923.000
2775,2155.500
2776,2497.000
2777,2735.500
2778,3004.500
2779,3214.000
2780,3063.000
2781,3009.000
2782,2896.500
2783,2406.500
2784,2289.000
2785,1928.000
2786,1805.000
2787,1762.500
2788,1982.000
2789,2248.000
2790,2728.500
2791,2824.500
2792,3084.500
2793,3096.000
2794,3113.000
2795,3035.000
2796,2716.500
2797,2494.500
2798,2278.000
2799,1819.000
2800,1783.500
2801,1814.000
2802,1871.000
2803,2221.500
2804,2718.500
2805,2921.500
2806,3142.000
2807,3088.000
2808,2976.500
2809,3082.000
2810,2660.500
2811,2429.500
2812,2094.000
2813,1721.500
2814,1750.500
2815,1963.000
2816,2174.500
2817,2437.000
2818,2691.500
2819,3089.000
2820,3237.500
2821,3148.000
2822,3093.500
2823,3065.000
2824,2619.500
2825,2290.000
2826,2117.500
2827,1830.000
2828,1698.500
2829,1761.000
2830,2164.000
2831,2479.500
2832,2708.000
2833,2923.000
2834,3202.000
2835,3090.500
2836,2992.000
2837,2948.500
2838,2608.500
2839,2246.500
2840,1970.500
2841,1734.000
2842,1795.500
2843,2060.500
2844,2237.500
2845,2569.500
2846,2934.500
2847,3080.500
2848,3148.500
2849,3154.500
2850,3224.000
2851,2801.000
2852,2478.000
2853,2192.500
2854,1738.000
2855,1764.500
2856,1990.000
2857,2149.500
2858,2488.500
2859,2782.000
2860,3106.500
2861,3189.000
2862,3260.000
2863,3051.500
2864,3067.500
2865,2630.500
2866,2192.500
2867,1903.500
2868,1849.000
2869,1778.500
2870,2031.500
2871,2411.000
2872,2635.000
2873,3123.000
2874,3367.500
2875,3254.000
2876,3139.000
2877,3104.000
2878,2677.000
2879,2428.000
2880,2079.000
2881,1767.500
2882,1793.500
2883,1939.500
2884,2303.500
2885,2628.000
2886,2980.500
2887,3194.000
2888,3151.500
2889,3093.000
2890,3027.500
2891,2799.000
2892,2539.000
2893,2205.500
2894,1784.500
2895,1743.500
2896,1770.000
2897,1931.000
2898,2453.500
2899,2776.500
2900,3042.000
2901,3153.500
2902,2946.500
2903,3177.500
2904,3029.000
2905,2631.500
2906,2495.500
2907,2306.000
2908,1813.500
2909,1682.000
2910,1740.500
2911,2168.000
2912,2380.500
2913,2776.000
2914,2929.000
2915,3083.000
2916,3108.500
2917,3046.000
2918,3034.500
2919,2548.500
2920,2401.000
2921,1939.000
2922,1815.000
2923,1883.500
2924,2019.000
2925,2315.500
2926,2674.000
2927,2858.500
2928,3060.500
2929,3319.000
2930,3205.500
2931,3102.500
2932,2763.000
2933,2490.000
2934,2088.000
2935,1763.000
2936,1845.000
2937,1814.000
2938,2086.500
2939,2645.500
2940,3055.000
2941,3257.500
2942,3447.000
2943,3172.000
2944,3016.000
2945,2933.000
2946,2618.500
2947,2167.000
2948,1876.000
2949,1729.500
2950,1820.500
2951,2216.500
2952,2463.000
2953,2719.000
2954,3025.000
2955,3170.500
2956,3438.000
2957,3311.500
2958,3061.000
2959,2775.500
2960,2235.500
2961,1787.000
2962,1722.000
2963,1799.500
2964,2043.000
2965,2384.000
2966,2806.500
2967,2980.500
2968,3192.500
2969,3110.500
2970,3058.500
2971,3118.000
2972,2675.500
2973,2387.000
2974,2133.500
2975,1848.500
2976,1801.000
2977,1942.000
2978,2261.500
2979,2562.500
2980,2810.000
2981,3088.500
2982,3158.000
2983,3161.000
2984,3106.500
2985,2813.000
2986,2579.000
2987,2412.000
2988,1967.500
2989,1672.000
2990,1677.000
2991,1901.000
2992,2146.000
2993,2563.000
2994,2849.500
2995,3084.000
2996,3206.000
2997,3174.500
2998,3156.500
2999,2781.000
3000,2429.500
3001,2124.000
3002,1835.000
3003,1784.500
3004,1781.500
3005,2290.000
3006,2612.000
3007,2764.500
3008,3060.500
3009,3206.500
3010,3214.000
3011,3162.500
3012,3004.000
3013,2695.500
3014,2356.500
3015,1957.000
3016,1790.000
3017,1769.000
3018,1980.000
3019,2341.500
3020,2761.500
3021,2830.000
3022,3165.500
3023,3259.500
3024,3146.000
3025,3228.500
3026,2949.000
3027,2487.000
3028,2144.500
3029,1849.500
3030,1616.000
3031,1838.500
3032,2133.500
3033,2339.500
3034,2731.500
3035,2974.000
3036,3110.500
3037,3074.500
3038,3174.500
3039,3172.000
3040,2752.000
3041,2462.500
3042,1915.000
3043,1722.500
3044,1713.500
3045,2083.000
3046,2396.000
3047,2758.000
3048,3015.000
3049,3159.000
3050,3171.000
3051,3165.500
3052,3170.000
3053,2739.500
3054,2375.000
3055,2294.000
3056,1895.500
3057,1857.500
3058,2010.000
3059,2225.000
3060,2622.500
3061,2821.500
3062,3126.500
3063,3258.000
3064,3151.000
3065,3294.500
3066,2871.500
3067,2483.500
3068,2363.000
3069,2194.000
3070,1853.000
3071,1712.000
3072,1792.500
3073,1926.500
3074,2338.000
3075,2654.500
3076,2954.500
3077,3136.500
3078,3357.000
3079,3245.500
3080,3039.500
3081,2861.500
3082,2485.000
3083,2041.500
3084,1773.000
3085,1875.000
3086,1987.000
3087,2118.500
3088,2692.500
3089,2879.000
3090,3077.000
3091,3138.000
3092,3174.000
3093,3101.000
3094,2807.000
3095,2641.500
3096,2400.000
3097,1994.500
3098,1802.000
3099,1773.500
3100,1856.000
3101,2239.500
3102,2608.500
3103,2941.500
3104,3116.000
3105,3201.500
3106,3075.000
3107,3204.000
3108,2901.500
3109,2626.500
3110,2250.500
3111,1908.500
3112,1699.500
3113,1819.000
3114,1976.500
3115,2448.000
3116,2845.000
3117,3069.000
3118,3273.000
3119,3454.500
3120,3167.000
3121,3147.500
3122,2779.500
3123,2357.000
3124,1894.500
3125,1780.000
3126,1856.500
3127,2142.500
3128,2360.500
3129,2731.000
3130,2992.000
3131,3087.000
3132,3263.500
3133,3279.500
3134,3281.500
3135,3141.500
3136,2733.500
3137,2369.500
3138,1946.500
3139,1762.500
3140,1852.000
3141,1982.500
3142,2350.500
3143,2643.000
3144,2969.000
3145,3053.500
3146,3217.000
3147,3035.500
3148,3045.500
3149,2708.000
3150,2475.000
3151,2180.500
3152,1894.000
3153,1779.000
3154,1933.000
3155,2355.500
3156,2665.500
3157,2952.500
3158,3086.000
3159,3191.000
3160,3251.000
3161,3025.500
3162,2790.500
3163,2456.000
3164,2191.500
3165,1841.500
3166,1734.000
3167,1851.500
3168,2018.000
3169,2485.000
3170,2796.000
3171,2925.500
3172,3121.500
3173,3313.000
3174,2963.500
3175,2984.000
3176,2666.500
3177,2341.000
3178,1995.500
3179,1741.500
3180,1748.500
3181,1931.000
3182,2264.500
3183,2694.000
3184,2856.500
3185,3122.500
3186,3358.000
3187,3310.500
3188,3198.500
3189,2962.000
3190,2545.500
3191,2214.000
3192,1832.500
3193,1800.500
3194,1890.500
3195,2071.500
3196,2447.500
3197,2785.500
3198,3011.000
3199,3097.000
3200,3091.500
3201,3137.500
3202,2999.000
3203,2562.000
3204,2382.500
3205,2325.500
3206,1859.000
3207,1717.500
3208,1759.000
3209,1851.000
3210,2352.000
3211,2660.000
3212,2937.500
3213,3064.000
3214,3157.500
3215,3059.500
3216,3114.500
3217,2794.500
3218,2432.000
3219,2111.000
3220,1845.500
3221,1764.500
3222,1714.500
3223,1946.500
3224,2482.500
3225,2798.000
3226,3063.000
3227,3147.000
3228,3127.000
3229,3136.500
3230,3218.500
3231,2536.500
3232,2365.000
3233,2023.500
3234,1719.500
3235,1719.500
3236,1896.500
3237,2134.000
3238,2515.000
3239,2856.000
3240,3136.000
3241,3401.500
3242,3142.000
3243,3077.500
3244,2825.000
3245,2679.000
3246,2316.000
3247,1974.000
3248,1749.000
3249,1816.500
3250,1814.000
3251,2156.500
3252,2540.500
3253,2879.500
3254,3041.500
3255,3271.500
3256,3235.500
3257,3254.500
3258,2870.500
3259,2535.500
3260,2278.500
3261,1920.500
3262,1770.500
3263,1764.000
3264,1862.000
3265,2224.000
3266,2683.500
3267,2776.000
3268,3108.500
3269,3274.000
3270,3084.500
3271,3115.000
3272,2793.500
3273,2431.500
3274,2314.500
3275,2061.500
3276,1792.500
3277,1683.000
3278,1798.500
3279,2111.500
3280,2603.500
3281,2828.500
3282,3075.000
3283,3272.000
3284,3139.000
3285,3132.500
3286,2965.000
3287,2567.000
3288,2316.500
3289,1984.000
3290,1718.000
3291,1868.000
3292,1997.500
3293,2316.500
3294,2786.000
3295,2979.000
3296,3203.500
3297,3309.500
3298,3181.000
3299,3154.500
3300,2623.000
3301,2429.000
3302,2116.000
3303,1815.500
3304,1722.500
3305,1772.000
3306,2035.000
3307,2454.500
3308,2786.000
3309,3023.000
3310,3185.500
3311,3222.500
3312,3153.000
3313,3066.500
3314,2623.000
3315,2347.000
3316,2095.500
3317,1743.000
3318,1674.500
3319,1764.000
3320,2210.500
3321,2640.000
3322,2684.500
3323,3021.000
3324,3199.500
3325,3184.500
3326,2991.500
3327,2991.500
3328,2575.500
3329,2395.000
3330,2001.000
3331,1823.000
3332,1774.000
3333,1943.000
3334,2180.500
3335,2659.000
3336,2800.500
3337,3143.500
3338,3234.000
3339,3063.500
3340,3260.000
3341,2801.500
3342,2582.500
3343,2451.500
3344,2249.500
3345,1750.000
3346,1711.000
3347,1789.500
3348,1948.500
3349,2470.000
3350,2729.000
3351,2911.000
3352,3049.000
3353,3078.000
3354,3009.000
3355,2956.000
3356,2647.000
3357,2407.000
3358,2121.000
3359,1771.000
3360,1622.500
3361,1793.000
3362,2178.500
3363,2499.000
3364,2826.000
3365,3005.000
3366,3116.000
3367,3229.000
3368,3069.500
3369,3003.500
3370,2688.500
3371,2377.500
3372,2127.000
3373,1739.000
3374,1816.500
3375,1749.500
3376,1992.500
3377,2547.000
3378,2791.000
3379,3013.500
3380,3332.000
3381,3110.000
3382,3159.500
3383,2816.500
3384,2764.500
3385,2295.000
3386,1877.000
3387,1668.500
3388,1779.000
3389,2027.000
3390,2306.000
3391,2686.500
3392,2862.500
3393,3136.000
3394,3241.500
3395,3147.500
3396,3114.000
3397,2785.500
3398,2603.000
3399,2326.000
3400,1897.000
3401,1715.500
3402,1807.500
3403,1936.000
3404,2148.000
3405,2531.000
3406,2730.000
3407,3119.500
3408,3080.000
3409,3024.000
3410,3173.500
3411,2819.000
3412,2643.000
3413,2454.000
3414,2313.500
3415,1859.000
3416,1641.000
3417,1740.000
3418,1808.000
3419,2228.000
3420,2544.000
3421,2781.000
3422,2982.000
3423,3030.500
3424,3032.000
3425,2992.000
3426,2862.500
3427,2483.500
3428,2422.000
3429,2318.500
3430,1769.000
3431,1669.000
3432,1745.000
3433,2013.000
3434,2283.500
3435,2541.000
3436,2830.500
3437,2989.000
3438,3198.000
3439,3053.000
3440,2902.000
3441,2753.500
3442,2475.500
3443,2250.000
3444,2038.000
3445,1697.500
3446,1765.500
3447,1866.000
3448,2030.000
3449,2547.000
3450,2884.500
3451,3086.000
3452,3274.500
3453,3133.000
3454,3213.500
3455,2902.000
3456,2643.000
3457,2375.000
3458,2017.500
3459,1803.500
3460,1898.000
3461,1950.000
3462,2151.500
3463,2644.500
3464,2995.500
3465,3240.500
3466,3307.500
3467,3147.500
3468,3041.500
3469,2767.000
3470,2468.500
3471,2233.500
3472,1858.000
3473,1722.000
3474,1828.000
3475,2092.000
3476,2539.000
3477,2706.000
3478,2984.000
3479,3108.500
3480,3202.000
3481,3103.000
3482,3043.500
3483,2564.000
3484,2306.000
3485,1919.000
3486,1765.000
3487,1843.000
3488,2039.000
3489,2317.000
3490,2675.000
3491,2804.000
3492,3161.500
3493,3177.000
3494,3164.500
3495,2965.500
3496,2685.500
3497,2526.000
3498,2320.500
3499,1949.500
3500,1842.000
3501,1860.000
3502,1875.000
3503,2201.500
3504,2539.500
3505,2848.500
3506,3000.500
3507,3188.500
3508,3137.000
3509,3118.000
3510,2874.000
3511,2559.500
3512,2335.000
3513,2199.000
3514,1790.000
3515,1718.000
3516,1839.500
3517,2236.000
3518,2670.000
3519,2805.000
3520,3038.000
3521,3228.500
3522,3164.500
3523,3137.500
3524,2984.000
3525,2688.000
3526,2476.000
3527,2304.500
3528,1861.500
3529,1766.000
3530,1888.500
3531,1933.500
3532,2142.000
3533,2539.000
3534,2865.000
3535,3197.500
3536,3282.500
3537,3253.000
3538,3263.500
3539,2977.000
3540,2614.000
3541,2333.500
3542,1911.500
3543,1765.500
3544,1813.500
3545,1891.500
3546,2113.000
3547,2582.000
3548,2834.000
3549,3073.500
3550,3184.500
3551,3190.000
3552,3147.000
3553,2820.000
3554,2594.500
3555,2479.500
3556,2182.500
3557,1718.000
3558,1763.500
3559,1981.500
3560,2112.000
3561,2529.000
3562,2741.500
3563,3064.500
3564,3262.500
3565,3083.000
3566,2918.000
3567,2812.500
3568,2611.000
3569,2440.500
3570,2155.000
3571,1780.000
3572,1622.500
3573,1860.000
3574,2181.500
3575,2476.000
3576,2828.500
3577,3111.500
3578,3194.000
3579,3137.500
3580,3216.500
3581,3027.500
3582,2592.500
3583,2390.000
3584,2067.500
3585,1866.500
3586,1777.500
3587,1862.000
3588,2191.000
3589,2588.500
3590,2922.000
3591,3152.000
3592,3304.500
3593,3265.000
3594,3180.000
3595,2933.500
3596,2543.000
3597,2369.000
3598,2064.500
3599,1837.500
3600,1749.500
3601,2081.500
3602,2278.000
3603,2705.500
3604,3038.000
3605,3141.000
3606,3412.500
3607,3191.000
3608,3096.500
3609,2809.000
3610,2562.000
3611,2177.500
3612,1855.500
3613,1772.000
3614,1901.500
3615,2166.500
3616,2532.000
3617,2817.000
3618,3156.500
3619,3281.000
3620,3142.000
3621,3151.500
3622,3269.000
3623,2826.000
3624,2567.500
3625,2056.000
3626,1803.500
3627,1811.500
3628,1945.000
3629,2191.000
3630,2621.000
3631,2871.000
3632,3137.500
3633,3204.500
3634,3162.500
3635,3061.500
3636,3008.000
3637,2594.500
3638,2380.000
3639,2124.500
3640,1967.500
3641,1740.500
3642,1781.500
3643,1908.500
3644,2218.500
3645,2520.500
3646,2802.500
3647,3035.500
3648,3255.500
3649,3163.000
3650,3068.000
3651,2863.500
3652,2577.000
3653,2357.500
3654,2034.500
3655,1697.000
3656,1858.000
3657,2028.000
3658,2452.500
3659,2636.500
3660,2845.000
3661,3202.500
3662,3171.500
3663,3289.500
3664,3080.500
3665,3046.500
3666,2675.500
3667,2396.000
3668,1912.000
3669,1828.500
3670,1804.000
3671,2071.500
3672,2398.500
3673,2746.000
3674,2992.000
3675,3079.500
3676,3295.500
3677,3314.000
3678,3250.000
3679,3069.500
3680,2815.500
3681,2544.000
3682,1942.000
3683,1690.500
3684,1798.500
3685,1959.500
3686,2404.000
3687,2806.500
3688,2971.500
3689,3243.000
3690,3171.500
3691,3160.000
3692,3105.500
3693,2657.500
3694,2494.500
3695,2274.500
3696,1943.000
3697,1719.500
3698,1880.000
3699,1987.000
3700,2347.000
3701,2695.500
3702,2830.500
3703,3160.000
3704,3191.000
3705,3201.500
3706,3087.000
3707,2919.000
3708,2474.000
3709,2281.000
3710,1933.000
3711,1752.500
3712,1879.000
3713,1869.000
3714,2307.000
3715,2617.500
3716,2937.000
3717,3298.000
3718,3564.000
3719,3408.000
3720,3213.500
3721,2949.500
3722,2571.000
3723,2264.000
3724,1884.000
3725,1898.500
3726,1954.000
3727,2228.000
3728,2582.000
3729,2825.500
3730,2947.000
3731,3232.000
3732,3189.000
3733,3056.000
3734,3141.000
3735,2910.000
3736,2642.000
3737,2047.000
3738,1767.000
3739,1742.500
3740,1885.000
3741,2161.000
3742,2582.500
3743,2826.500
3744,2965.000
3745,3174.000
3746,3094.000
3747,3031.000
3748,2977.000
3749,2603.500
3750,2397.500
3751,2135.000
3752,1868.500
3753,1860.000
3754,1943.500
3755,2199.000
3756,2548.500
3757,2788.500
3758,3100.500
3759,3131.500
3760,3192.000
3761,3069.000
3762,3008.000
3763,2755.000
3764,2428.000
3765,2317.500
3766,2155.500
3767,2197.000
3768,1863.500
3769,1652.000
3770,1596.500
3771,1677.500
3772,1906.000
3773,2358.500
3774,2585.500
3775,2892.500
3776,3088.500
3777,3191.500
3778,3108.500
3779,3080.000
3780,2633.000
3781,2408.500
3782,2085.000
3783,1870.000
3784,1780.000
3785,1754.000
3786,1972.500
3787,2363.000
3788,2621.000
3789,2849.000
3790,2970.000
3791,3311.000
3792,3240.000
3793,3074.500
3794,2945.500
3795,2516.000
3796,2218.500
3797,1853.000
3798,1836.000
3799,1862.500
3800,2140.500
3801,2600.000
3802,2897.500
3803,3034.500
3804,3213.000
3805,3243.000
3806,3083.000
3807,2962.500
3808,2585.000
3809,2371.000
3810,2199.000
3811,1825.000
3812,1711.000
3813,1880.500
3814,2056.000
3815,2470.000
3816,2714.500
3817,2993.500
3818,3115.500
3819,3233.000
3820,3149.500
3821,3121.500
3822,2690.000
3823,2528.500
3824,2268.000
3825,2179.000
3826,1836.000
3827,1791.000
3828,1777.500
3829,1823.000
3830,2270.000
3831,2585.500
3832,2937.000
3833,3211.500
3834,3229.500
3835,3144.500
3836,3072.500
3837,2895.000
3838,2482.000
3839,2173.500
3840,1734.000
3841,1769.000
3842,1899.000
3843,2131.000
3844,2487.500
3845,2783.500
3846,3038.000
3847,3206.000
3848,3200.000
3849,3069.500
3850,3058.500
3851,2760.000
3852,2679.500
3853,2190.000
3854,1917.000
3855,1787.000
3856,1889.000
3857,2255.000
3858,2493.000
3859,2741.000
3860,3004.000
3861,3205.000
3862,3234.000
3863,3213.000
3864,3164.500
3865,2734.000
3866,2456.000
3867,2360.000
3868,2001.500
3869,1742.000
3870,1721.000
3871,1817.500
3872,2160.500
3873,2591.500
3874,3034.500
3875,3273.500
3876,3331.500
3877,3143.000
3878,3174.500
3879,3021.000
3880,2650.000
3881,2365.500
3882,2038.500
3883,1768.500
3884,1782.500
3885,1826.500
3886,2233.500
3887,2519.500
3888,2854.000
3889,2939.000
3890,3287.000
3891,3302.500
3892,3133.500
3893,2952.500
3894,2563.500
3895,2209.000
3896,1901.000
3897,1731.500
3898,1750.500
3899,2011.500
3900,2378.500
3901,2773.000
3902,2935.000
3903,3154.500
3904,3147.500
3905,3355.500
3906,3102.000
3907,2625.000
3908,2401.000
3909,2375.500
3910,1769.000
3911,1686.500
3912,1780.000
3913,1888.000
3914,2336.000
3915,2698.000
3916,2985.000
3917,3187.000
3918,3067.000
3919,3230.500
3920,3036.000
3921,2930.500
3922,2547.000
3923,2220.000
3924,1833.000
3925,1836.500
3926,1940.500
3927,2201.000
3928,2507.500
3929,2880.000
3930,2912.500
3931,3207.500
3932,3312.500
3933,3156.000
3934,3021.000
3935,2701.500
3936,2475.000
3937,2144.500
3938,1774.500
3939,1693.000
3940,1837.000
3941,2186.000
3942,2563.000
3943,2846.500
3944,3055.500
3945,3142.000
3946,3244.000
3947,3123.000
3948,2984.500
3949,2608.000
3950,2496.000
3951,1992.500
3952,1819.000
3953,1860.500
3954,1965.000
3955,2295.000
3956,2709.000
3957,2907.000
3958,2986.000
3959,3249.500
3960,3250.500
3961,3103.000
3962,2866.500
3963,2504.500
3964,2258.500
3965,1816.000
3966,1784.000
3967,1889.500
3968,2172.500
3969,2514.500
3970,2881.500
3971,3160.500
3972,3337.500
3973,3176.000
3974,3204.000
3975,2957.500
3976,2742.000
3977,2526.500
3978,1870.000
3979,1760.000
3980,1846.000
3981,1965.000
3982,2271.000
3983,2494.500
3984,2804.000
3985,3104.000
3986,3436.000
3987,3356.000
3988,3196.000
3989,2913.000
3990,2539.500
3991,2211.000
3992,1876.000
3993,1798.500
3994,1857.500
3995,2199.000
3996,2394.500
3997,2760.500
3998,2999.000
3999,3237.500
4000,3188.000
4001,3282.000
4002,3110.000
4003,2860.000
4004,2479.500
4005,2183.500
4006,1756.000
4007,1742.000
4008,1922.000
4009,2148.500
4010,2565.000
4011,2668.500
4012,2976.000
4013,3156.500
4014,3042.000
4015,3062.500
4016,2993.000
4017,2595.000
4018,2439.500
4019,2021.000
4020,1818.500
4021,1824.500
4022,2117.000
4023,2445.000
4024,2795.500
4025,2981.000
4026,3095.500
4027,3039.500
4028,3212.500
4029,3019.500
4030,2664.500
4031,2486.500
4032,2278.000
4033,1898.000
4034,1744.500
4035,1921.500
4036,1996.500
4037,2348.500
4038,2690.500
4039,2820.000
4040,3137.000
4041,3212.000
4042,3109.000
4043,3162.500
4044,2921.500
4045,2636.000
4046,2004.500
4047,1760.000
4048,1685.000
4049,1900.500
4050,2213.000
4051,2754.500
4052,2892.000
4053,3086.500
4054,3331.500
4055,3201.500
4056,3218.500
4057,2967.500
4058,2644.000
4059,2338.000
4060,1887.000
4061,1722.500
4062,1794.500
4063,1943.500
4064,2285.000
4065,2733.500
4066,3092.500
4067,3350.000
4068,3270.000
4069,3175.500
4070,3116.500
4071,2813.500
4072,2482.000
4073,2076.000
4074,1776.500
4075,1830.500
4076,2026.500
4077,2135.500
4078,2413.500
4079,2701.000
4080,2962.000
4081,3103.500
4082,3166.000
4083,3317.500
4084,3366.000
4085,3022.500
4086,2461.500
4087,2062.500
4088,1776.500
4089,1775.500
4090,2019.000
4091,2262.000
4092,2708.000
4093,2920.000
4094,3030.500
4095,3069.000
4096,3092.000
4097,3167.000
4098,2863.500
4099,2760.000
4100,2386.500
4101,2087.000
4102,1866.500
4103,1741.000
4104,1964.500
4105,2493.000
4106,2853.500
4107,3115.500
4108,3190.000
4109,3167.500
4110,3014.000
4111,3055.000
4112,2640.000
4113,2442.500
4114,2150.500
4115,1965.500
4116,2042.500
4117,2148.500
4118,2447.500
4119,2841.500
4120,3266.000
4121,3535.500
4122,3791.500
4123,3676.000
4124,3523.000
4125,3055.000
4126,2612.500
4127,2299.000
4128,1874.500
4129,1765.500
4130,1790.000
4131,2175.500
4132,2544.000
4133,2935.000
4134,2995.500
4135,3191.500
4136,3168.500
4137,3113.500
4138,2945.000
4139,2706.000
4140,2241.500
4141,2186.500
4142,1782.000
4143,1726.500
4144,1887.000
4145,2149.000
4146,2371.000
4147,2774.000
4148,2997.500
4149,3333.500
4150,3239.500
4151,3153.000
4152,3118.000
4153,2669.500
4154,2095.500
4155,1840.500
4156,1767.000
4157,1919.000
4158,2203.500
4159,2492.500
4160,2707.000
4161,3044.000
4162,3185.500
4163,3156.000
4164,3068.000
4165,3011.500
4166,2657.000
4167,2295.000
4168,1907.500
4169,1758.000
4170,1857.000
4171,2087.000
4172,2537.000
4173,2658.500
4174,3078.500
4175,3253.500
4176,3184.000
4177,3151.000
4178,3092.500
4179,2809.000
4180,2423.000
4181,2067.500
4182,1835.000
4183,1829.000
4184,1856.000
4185,2255.000
4186,2506.000
4187,2773.500
4188,3075.000
4189,3259.500
4190,3170.500
4191,3059.000
4192,3033.500
4193,2637.500
4194,2258.000
4195,1881.500
4196,1793.500
4197,1817.500
4198,2173.500
4199,2463.500
4200,2748.000
4201,3077.500
4202,3234.500
4203,3280.000
4204,3058.500
4205,3081.000
4206,2715.000
4207,2298.500
4208,1992.000
4209,1832.500
4210,1743.500
4211,1946.000
4212,2297.000
4213,2858.000
4214,2917.500
4215,3186.500
4216,3146.500
4217,3253.500
4218,3051.500
4219,2842.500
4220,2489.500
4221,2139.500
4222,1832.000
4223,1865.500
4224,1813.500
4225,2010.500
4226,2552.000
4227,2811.000
4228,3016.000
4229,3239.000
4230,3316.500
4231,3221.500
4232,3117.000
4233,2721.500
4234,2471.500
4235,1845.500
4236,1750.500
4237,1886.000
4238,2068.500
4239,2422.000
4240,2819.000
4241,2973.000
4242,3206.000
4243,3147.500
4244,3174.500
4245,3022.000
4246,2795.500
4247,2647.000
4248,2166.500
4249,1840.500
4250,1734.000
4251,1963.500
4252,2159.500
4253,2596.500
4254,2808.000
4255,3094.500
4256,3267.500
4257,3148.500
4258,3147.500
4259,3041.000
4260,2668.000
4261,2261.000
4262,2097.500
4263,1740.500
4264,1720.000
4265,1937.000
4266,2168.000
4267,2572.500
4268,2805.000
4269,3016.000
4270,3153.500
4271,3237.500
4272,3044.500
4273,3067.000
4274,2628.500
4275,2193.500
4276,1905.000
4277,1748.500
4278,1816.000
4279,1952.500
4280,2450.500
4281,3169.500
4282,3501.000
4283,3502.000
4284,3327.500
4285,3193.000
4286,3226.500
4287,2710.500
4288,2440.000
4289,1954.000
4290,1858.000
4291,1760.000
4292,1951.500
4293,2214.500
4294,2592.500
4295,2985.000
4296,3131.500
4297,3198.500
4298,3219.500
4299,3168.000
4300,3049.000
4301,2746.500
4302,2258.500
4303,1802.000
4304,1753.000
4305,1745.000
4306,2040.500
4307,2374.000
4308,2715.000
4309,2975.500
4310,3234.500
4311,3195.500
4312,3145.500
4313,3107.000
4314,2733.500
4315,2401.000
4316,2159.000
4317,1812.500
4318,1745.000
4319,1835.000
4320,2263.000
4321,2579.500
4322,2827.500
4323,3095.000
4324,3253.500
4325,3171.500
4326,3109.500
4327,2965.000
4328,2538.500
4329,2323.000
4330,1934.500
4331,1813.500
4332,1836.000
4333,2100.500
4334,2434.000
4335,2869.000
4336,3004.500
4337,3234.500
4338,3213.000
4339,3104.500
4340,3054.000
4341,2729.000
4342,2470.000
4343,2132.000
4344,1796.500
4345,1865.500
4346,1945.000
4347,2079.000
4348,2524.500
4349,2716.000
4350,2931.500
4351,3164.500
4352,3321.000
4353,3301.500
4354,3211.500
4355,2767.500
4356,2484.500
4357,2101.500
4358,1814.500
4359,1817.500
4360,1938.500
4361,2137.500
4362,2670.500
4363,2836.500
4364,3093.000
4365,3094.000
4366,3230.000
4367,3102.500
4368,2977.000
4369,2707.000
4370,2483.000
4371,2300.500
4372,1722.000
4373,1770.500
4374,1935.500
4375,2072.500
4376,2392.500
4377,2783.000
4378,3045.500
4379,3212.000
4380,3157.500
4381,3209.500
4382,2979.500
4383,2654.500
4384,2420.000
4385,2171.000
4386,1839.000
4387,1805.500
4388,2016.500
4389,2187.000
4390,2525.000
4391,2849.000
4392,2991.000
4393,3152.500
4394,3175.500
4395,3131.000
4396,3007.000
4397,2691.000
4398,2306.500
4399,1920.500
4400,1745.500
4401,1876.500
4402,2031.000
4403,2520.000
4404,2946.500
4405,3043.500
4406,3075.000
4407,3190.500
4408,3155.500
4409,3146.500
4410,2759.000
4411,2379.500
4412,2039.500
4413,1719.000
4414,1879.500
4415,1954.500
4416,2137.500
4417,2574.500
4418,2833.000
4419,2939.500
4420,3248.000
4421,3180.000
4422,3221.000
4423,3150.500
4424,2755.500
4425,2221.000
4426,1767.000
4427,1782.000
4428,1795.000
4429,2123.500
4430,2540.500
4431,2705.000
4432,2937.500
4433,3216.000
4434,3267.000
4435,3083.000
4436,3114.000
4437,2698.500
4438,2428.000
4439,2061.500
4440,1892.000
4441,1853.500
4442,1883.500
4443,2351.000
4444,2720.500
4445,2892.500
4446,3138.500
4447,3207.500
4448,3168.000
4449,3007.500
4450,2956.000
4451,2614.000
4452,2460.500
4453,2055.500
4454,1859.500
4455,1714.500
4456,1846.000
4457,2227.000
4458,2562.500
4459,2790.500
4460,2955.000
4461,3233.500
4462,3102.500
4463,3060.000
4464,2940.500
4465,2505.500
4466,2416.000
4467,2111.000
4468,1668.500
4469,1640.000
4470,1826.000
4471,2124.000
4472,2594.500
4473,2802.000
4474,3084.500
4475,3199.000
4476,3037.000
4477,3206.000
4478,2998.500
4479,2704.000
4480,2319.500
4481,1900.000
4482,1767.000
4483,1897.500
4484,1970.000
4485,2429.000
4486,2792.000
4487,2992.000
4488,3135.000
4489,3321.500
4490,3145.000
4491,3224.000
4492,2814.000
4493,2403.000
4494,2044.000
4495,1800.500
4496,1750.000
4497,1967.000
4498,2156.000
4499,2575.000
4500,2807.000
4501,3130.000
4502,3388.000
4503,3342.000
4504,3209.000
4505,3048.500
4506,2693.000
4507,2378.500
4508,1829.500
4509,1781.500
4510,1737.000
4511,1941.500
4512,2257.500
4513,2681.500
4514,2866.000
4515,3089.500
4516,3377.500
4517,3394.000
4518,3108.000
4519,2764.000
4520,2539.500
4521,2115.000
4522,1884.500
4523,1887.500
4524,1955.000
4525,2159.000
4526,2470.500
4527,2680.000
4528,3044.500
4529,3180.000
4530,3151.000
4531,3160.500
4532,3268.500
4533,2739.000
4534,2500.000
4535,1920.000
4536,1776.000
4537,1798.000
4538,2007.000
4539,2403.000
4540,2686.500
4541,2896.000
4542,3053.000
4543,3335.000
4544,3247.500
4545,3181.000
4546,2840.000
4547,2470.500
4548,2127.000
4549,1910.000
4550,1740.500
4551,1899.500
4552,2095.000
4553,2451.500
4554,2791.500
4555,3065.000
4556,3119.000
4557,3071.500
4558,3218.500
4559,3001.500
4560,2738.500
4561,2611.500
4562,2041.000
4563,1788.000
4564,1793.500
4565,1968.500
4566,2317.000
4567,2728.500
4568,2897.000
4569,3131.500
4570,3185.000
4571,3187.500
4572,3205.500
4573,2841.000
4574,2564.000
4575,2493.500
4576,2179.000
4577,1751.000
4578,1734.000
4579,1822.500
4580,2013.500
4581,2471.000
4582,2756.000
4583,2924.500
4584,3187.000
4585,3097.500
4586,3154.500
4587,3126.500
4588,2727.500
4589,2530.500
4590,2231.000
4591,1861.000
4592,1854.000
4593,1815.500
4594,2101.500
4595,2498.500
4596,2809.500
4597,2888.000
4598,3234.000
4599,3177.000
4600,3083.500
4601,3045.500
4602,2844.000
4603,2621.000
4604,2083.500
4605,1760.500
4606,1738.000
4607,1892.000
4608,2231.000
4609,2680.500
4610,2840.000
4611,3196.500
4612,3337.000
4613,3122.500
4614,3136.500
4615,2944.000
4616,2639.000
4617,2214.500
4618,1839.500
4619,1735.000
4620,1876.000
4621,2214.500
4622,2490.500
4623,2838.000
4624,3080.000
4625,3284.000
4626,3176.500
4627,3135.500
4628,3077.500
4629,2538.000
4630,2418.500
4631,2130.500
4632,1823.000
4633,1780.500
4634,1915.500
4635,2301.000
4636,2701.000
4637,3034.500
4638,3212.500
4639,3284.000
4640,3123.000
4641,3152.500
4642,2834.000
4643,2539.500
4644,2319.500
4645,1853.000
4646,1780.000
4647,1688.500
4648,1948.500
4649,2397.000
4650,2720.000
4651,2986.000
4652,3218.500
4653,3203.000
4654,3129.000
4655,3075.500
4656,2810.500
4657,2490.500
4658,2054.000
4659,1744.500
4660,1793.500
4661,1880.500
4662,2444.000
4663,2617.500
4664,2813.500
4665,3112.500
4666,3379.500
4667,3382.500
4668,3162.000
4669,2998.000
4670,2563.000
4671,2287.000
4672,1874.000
4673,1767.000
4674,1814.500
4675,1912.000
4676,2426.500
4677,2601.500
4678,2985.500
4679,3179.000
4680,3174.500
4681,3204.500
4682,3056.000
4683,2748.500
4684,2422.500
4685,2516.500
4686,1931.000
4687,1698.000
4688,1845.000
4689,2014.000
4690,2480.000
4691,2711.000
4692,3006.000
4693,3059.500
4694,3109.500
4695,3056.500
4696,3104.500
4697,2824.500
4698,2461.000
4699,2334.000
4700,1865.500
4701,1885.500
4702,1810.500
4703,1981.500
4704,2270.000
4705,2564.500
4706,2886.000
4707,3079.000
4708,3257.500
4709,3077.500
4710,3079.000
4711,2761.500
4712,2493.000
4713,2162.000
4714,1763.000
4715,1758.500
4716,1801.500
4717,2020.000
4718,2601.500
4719,2812.500
4720,3016.000
4721,3190.500
4722,3277.000
4723,3182.500
4724,3015.500
4725,2786.000
4726,2417.000
4727,1918.500
4728,1711.000
4729,1735.000
4730,1907.000
4731,2367.500
4732,2702.000
4733,3006.000
4734,3092.000
4735,3334.500
4736,3115.000
4737,2990.500
4738,2861.000
4739,2531.500
4740,2243.000
4741,1752.500
4742,1806.000
4743,1908.500
4744,2168.000
4745,2612.000
4746,2800.500
4747,3177.000
4748,3594.500
4749,3371.500
4750,3252.500
4751,3076.000
4752,2676.000
4753,2291.000
4754,1987.500
4755,1722.500
4756,1845.000
4757,1915.000
4758,2543.000
4759,2740.500
4760,3297.000
4761,3446.000
4762,3284.000
4763,3123.000
4764,3094.000
4765,2885.500
4766,2428.500
4767,2268.500
4768,1782.000
4769,1769.000
4770,1852.500
4771,1998.000
4772,2370.000
4773,2871.500
4774,2971.500
4775,3239.500
4776,3195.500
4777,3369.000
4778,3240.000
4779,2822.000
4780,2481.500
4781,2014.000
4782,1770.000
4783,1848.500
4784,1916.000
4785,2357.000
4786,2650.000
4787,2889.500
4788,3105.000
4789,3153.000
4790,3118.500
4791,3143.500
4792,2962.000
4793,2532.500
4794,2498.000
4795,2264.500
4796,1972.000
4797,1752.000
4798,1812.500
4799,2088.000
4800,2495.500
4801,2714.000
4802,2915.500
4803,3125.000
4804,3155.500
4805,3116.500
4806,2983.500
4807,2651.000
4808,2276.000
4809,1879.000
4810,1829.500
4811,1908.000
4812,2090.500
4813,2462.500
4814,2656.000
4815,3042.000
4816,3278.500
4817,3357.000
4818,3159.500
4819,3054.000
4820,2770.000
4821,2532.500
4822,2139.500
4823,1793.000
4824,1754.000
4825,1821.500
4826,2207.500
4827,2475.000
4828,2889.000
4829,3073.000
4830,3378.000
4831,3197.000
4832,3123.500
4833,3040.500
4834,2534.000
4835,2367.000
4836,1971.000
4837,1718.000
4838,1764.000
4839,1886.500
4840,2317.000
4841,2666.000
4842,2842.500
4843,2893.500
4844,3174.500
4845,3240.500
4846,3118.500
4847,3016.000
4848,2630.000
4849,2255.500
4850,1857.000
4851,1733.500
4852,1881.500
4853,1920.500
4854,2390.500
4855,2591.000
4856,2823.000
4857,3086.500
4858,3213.000
4859,3270.500
4860,3177.000
4861,2900.500
4862,2616.000
4863,2232.500
4864,1858.000
4865,1884.000
4866,1881.000
4867,2103.000
4868,2429.000
4869,2765.000
4870,3017.000
4871,3271.500
4872,3282.000
4873,3245.500
4874,3135.500
4875,2699.000
4876,2416.000
4877,1999.000
4878,1863.500
4879,2000.500
4880,2037.000
4881,2293.000
4882,2624.000
4883,2838.000
4884,3054.000
4885,3202.000
4886,3189.000
4887,3014.500
4888,2986.000
4889,2724.000
4890,2364.000
4891,1902.500
4892,1864.500
4893,1766.000
4894,1983.500
4895,2435.000
4896,2734.500
4897,2942.500
4898,2988.000
4899,3191.500
4900,3037.500
4901,3133.000
4902,2848.500
4903,2561.000
4904,2362.500
4905,1962.500
4906,1754.500
4907,1780.000
4908,1914.500
4909,2119.000
4910,2532.000
4911,2828.000
4912,3052.500
4913,3147.500
4914,3192.000
4915,3171.000
4916,3011.000
4917,2615.000
4918,2447.500
4919,1999.000
4920,1714.500
4921,1818.500
4922,2070.500
4923,2351.000
4924,2677.500
4925,2800.500
4926,3127.000
4927,3155.500
4928,3056.500
4929,3084.000
4930,3070.000
4931,2648.000
4932,2309.000
4933,1935.000
4934,1805.500
4935,1819.500
4936,2105.500
4937,2569.500
4938,2825.500
4939,2906.000
4940,3188.000
4941,3216.500
4942,3180.000
4943,3078.000
4944,2760.500
4945,2543.500
4946,2122.500
4947,1951.500
4948,1801.500
4949,1937.000
4950,2102.500
4951,2526.500
4952,2677.000
4953,3138.000
4954,3387.000
4955,3307.500
4956,3184.000
4957,3040.000
4958,2650.000
4959,2250.000
4960,1914.000
4961,1844.000
4962,1814.500
4963,2006.000
4964,2193.500
4965,2625.000
4966,2988.000
4967,3291.500
4968,3378.500
4969,3311.000
4970,3210.000
4971,2905.500
4972,2466.000
4973,2334.000
4974,1874.500
4975,1826.500
4976,1894.000
4977,1956.000
4978,2189.000
4979,2460.000
4980,2933.500
4981,3216.000
4982,3519.000
4983,3457.000
4984,3180.500
4985,2845.000
4986,2573.000
4987,2201.500
4988,1847.000
4989,1787.500
4990,1913.500
4991,2169.500
4992,2532.500
4993,2829.500
4994,3017.000
4995,3137.500
4996,3176.000
4997,3063.500
4998,3001.500
4999,2830.500
5000,2611.000
5001,2267.500
5002,1842.000
5003,1746.500
5004,1818.000
5005,2217.500
5006,2471.000
5007,2857.500
5008,3058.500
5009,3131.500
5010,3074.500
5011,3097.000
5012,3044.500
5013,2647.500
5014,2423.000
5015,2076.500
5016,1784.500
5017,1843.500
5018,1840.000
5019,2416.500
5020,2574.500
5021,2882.500
5022,2939.000
5023,3151.000
5024,3124.000
5025,3172.500
5026,2926.500
5027,2705.000
5028,2676.000
5029,2411.500
5030,1995.500
5031,1944.500
5032,2071.000
5033,2112.000
5034,2518.000
5035,2773.000
5036,2927.500
5037,3118.500
5038,3171.000
5039,3096.000
5040,3038.000
5041,2495.500
5042,2493.500
5043,2213.000
5044,1748.500
5045,1628.500
5046,1913.000
5047,2022.000
5048,2358.000
5049,2632.500
5050,2992.000
5051,3024.500
5052,3101.500
5053,3174.000
5054,3165.000
5055,2777.000
5056,2547.500
5057,2374.000
5058,2300.000
5059,2242.500
5060,2327.000
5061,2199.500
5062,2170.500
5063,2125.500
5064,2107.000
5065,1646.500
5066,1508.500
5067,1492.500
5068,1737.000
5069,1889.500
5070,2278.500
5071,2586.000
5072,2881.000
5073,2995.000
5074,3088.500
5075,3035.000
5076,2884.000
5077,2480.000
5078,2331.000
5079,2432.000
5080,1699.000
5081,1993.000
5082,1714.000
5083,2520.000
5084,2190.500
5085,2731.000
5086,3166.000
5087,3226.000
5088,3374.000
5089,3405.500
5090,3471.500
5091,3099.000
5092,2840.500
5093,2834.500
5094,2747.500
5095,2732.000
5096,2701.500
5097,2782.500
5098,2728.500
5099,1886.500
5100,1557.000
5101,1440.500
5102,1597.000
5103,1966.500
5104,2195.500
5105,2485.500
5106,2771.500
5107,3081.000
5108,3254.500
5109,3231.500
5110,3167.000
5111,2793.500
5112,2500.000
5113,2397.000
5114,1792.500
5115,1619.000
5116,1601.000
5117,1933.500
5118,2149.500
5119,2596.500
5120,2793.500
5121,3085.500
5122,3311.000
5123,3253.000
5124,3342.000
5125,2999.000
5126,2525.500
5127,2381.500
5128,1807.500
5129,1577.000
5130,1751.500
5131,1816.000
5132,2164.500
5133,2602.000
5134,2869.000
5135,3126.500
5136,3231.000
5137,3302.500
5138,3155.500
5139,3152.000
5140,2634.000
5141,2277.500
5142,1686.500
5143,1634.500
5144,1724.000
5145,1823.000
5146,2268.000
5147,2612.000
5148,2937.000
5149,3121.000
5150,3209.500
5151,3325.500
5152,3253.500
5153,2951.500
5154,2502.000
5155,2141.500
5156,1700.500
5157,1560.000
5158,1681.500
5159,1855.500
5160,2345.500
5161,2643.000
5162,2879.500
5163,3214.000
5164,3105.500
5165,3214.500
5166,3246.500
5167,2913.500
5168,2525.500
5169,2219.000
5170,1694.000
5171,1612.500
5172,1695.500
5173,1949.000
5174,2355.500
5175,2647.000
5176,2897.500
5177,3132.500
5178,3187.000
5179,3101.000
5180,3179.000
5181,2787.500
5182,2416.500
5183,2229.000
5184,1715.500
5185,1668.000
5186,1716.500
5187,1898.500
5188,2261.500
5189,2481.000
5190,2822.500
5191,3097.000
5192,3148.000
5193,3173.000
5194,3189.000
5195,3004.500
5196,2575.000
5197,2208.000
5198,1652.500
5199,1648.000
5200,1656.000
5201,1914.000
5202,2305.000
5203,2674.500
5204,2901.500
5205,3168.000
5206,3166.500
5207,3245.500
5208,3182.500
5209,2794.000
5210,2577.500
5211,2006.000
5212,1690.000
5213,1684.500
5214,1750.500
5215,2276.000
5216,2621.500
5217,2793.500
5218,3053.500
5219,3303.000
5220,3263.500
5221,3162.500
5222,3086.000
5223,2657.500
5224,2426.000
5225,1830.500
5226,1677.500
5227,1740.000
5228,1724.000
5229,2063.500
5230,2516.500
5231,2792.000
5232,2952.000
5233,3265.000
5234,3318.000
5235,3198.500
5236,3046.500
5237,2749.000
5238,2185.500
5239,1710.500
5240,1566.000
5241,1695.500
5242,1930.000
5243,2315.500
5244,2543.500
5245,2819.500
5246,3076.500
5247,3247.500
5248,3259.000
5249,3128.500
5250,2841.000
5251,2478.500
5252,2153.500
5253,1673.500
5254,1630.500
5255,1764.500
5256,2160.000
5257,2400.500
5258,2746.500
5259,3049.000
5260,3286.000
5261,3578.500
5262,3465.000
5263,3288.500
5264,2786.500
5265,2394.000
5266,1911.500
5267,1711.000
5268,1771.000
5269,2053.000
5270,2443.000
5271,2728.000
5272,2928.000
5273,3057.000
5274,3057.500
5275,3049.000
5276,3025.000
5277,2819.500
5278,2378.500
5279,2071.500
5280,1706.500
5281,1580.000
5282,1665.000
5283,1963.500
5284,2328.000
5285,2591.000
5286,2951.000
5287,3010.500
5288,3283.000
5289,3223.500
5290,3044.500
5291,2708.000
5292,2336.500
5293,2032.500
5294,1626.500
5295,1674.000
5296,1824.000
5297,1994.000
5298,2432.500
5299,2657.000
5300,3015.500
5301,3280.500
5302,3220.500
5303,3148.500
5304,3103.500
5305,2684.000
5306,2421.500
5307,1915.500
5308,1672.000
5309,1574.500
5310,1604.000
5311,2059.500
5312,2377.500
5313,2631.000
5314,2875.000
5315,3056.000
5316,3192.000
5317,3115.000
5318,3194.000
5319,2761.500
5320,2516.000
5321,1933.000
5322,1641.000
5323,1641.000
5324,1869.500
5325,2113.000
5326,2586.500
5327,2758.500
5328,3317.000
5329,3398.000
5330,3328.000
5331,3213.000
5332,3020.000
5333,2640.000
5334,2306.500
5335,1729.000
5336,1640.500
5337,1704.500
5338,1856.500
5339,2136.500
5340,2573.000
5341,2932.000
5342,3140.000
5343,3209.500
5344,3208.500
5345,3220.500
5346,2900.000
5347,2478.500
5348,1872.000
5349,1750.500
5350,1700.000
5351,1840.500
5352,2081.000
5353,2565.500
5354,2982.000
5355,3191.500
5356,3408.500
5357,3282.500
5358,3357.000
5359,3037.000
5360,2637.000
5361,2157.500
5362,1727.000
5363,1592.000
5364,1754.500
5365,2038.500
5366,2302.500
5367,2767.000
5368,3043.000
5369,3220.000
5370,3235.000
5371,3307.000
5372,3338.500
5373,2753.500
5374,2455.000
5375,1824.000
5376,1671.500
5377,1732.000
5378,1833.000
5379,2263.000
5380,2610.000
5381,2909.000
5382,3182.000
5383,3277.500
5384,3280.000
5385,3267.000
5386,2687.000
5387,2466.000
5388,1819.000
5389,1676.000
5390,1656.500
5391,1805.000
5392,2148.500
5393,2501.500
5394,2934.000
5395,3080.000
5396,3199.000
5397,3215.000
5398,3162.000
5399,3018.000
5400,2508.500
5401,2080.500
5402,1650.500
5403,1629.000
5404,1738.000
5405,2113.500
5406,2665.500
5407,2814.500
5408,3163.000
5409,3336.000
5410,3320.000
5411,3268.000
5412,3170.500
5413,2707.500
5414,2301.000
5415,1883.000
5416,1710.000
5417,1800.500
5418,1959.500
5419,2330.500
5420,2648.000
5421,2915.000
5422,3214.000
5423,3321.500
5424,3323.000
5425,3347.500
5426,3016.500
5427,2627.500
5428,2164.000
5429,1641.000
5430,1626.000
5431,1708.500
5432,1914.000
5433,2351.000
5434,2705.000
5435,2784.000
5436,3105.000
5437,3117.000
5438,3171.500
5439,3250.500
5440,2798.000
5441,2429.500
5442,1880.500
5443,1670.500
5444,1688.500
5445,1824.000
5446,2171.000
5447,2691.500
5448,2753.000
5449,3204.500
5450,3576.000
5451,3614.500
5452,3489.500
5453,3062.000
5454,2680.500
5455,2048.000
5456,1707.500
5457,1715.000
5458,1796.000
5459,2117.500
5460,2473.000
5461,2761.500
5462,3104.000
5463,3268.500
5464,3272.000
5465,3227.000
5466,3221.000
5467,2635.000
5468,2463.000
5469,1824.500
5470,1665.500
5471,1557.500
5472,1903.500
5473,2086.000
5474,2499.500
5475,2843.000
5476,2999.000
5477,3352.000
5478,3367.000
5479,3524.000
5480,3255.500
5481,2713.500
5482,2118.500
5483,1692.000
5484,1662.000
5485,1679.500
5486,2131.000
5487,2488.500
5488,2815.000
5489,2968.000
5490,3251.500
5491,3279.000
5492,3320.000
5493,3208.500
5494,2714.000
5495,2474.000
5496,1897.500
5497,1651.000
5498,1624.500
5499,1905.000
5500,2187.000
5501,2592.500
5502,2943.500
5503,3172.500
5504,3307.500
5505,3255.500
5506,3300.500
5507,3055.500
5508,2650.500
5509,2108.500
5510,1713.500
5511,1668.000
5512,1797.000
5513,2273.000
5514,2523.500
5515,2856.000
5516,3167.500
5517,3143.000
5518,3292.000
5519,3303.500
5520,3130.500
5521,2677.500
5522,2430.500
5523,1716.500
5524,1659.000
5525,1795.000
5526,1923.500
5527,2376.000
5528,2677.000
5529,2872.000
5530,3161.000
5531,3192.000
5532,3323.000
5533,3215.500
5534,2897.000
5535,2568.000
5536,2108.000
5537,1761.000
5538,1720.500
5539,1822.000
5540,2151.000
5541,2460.500
5542,2713.000
5543,3051.000
5544,3202.000
5545,3291.500
5546,3345.500
5547,3446.500
5548,2768.500
5549,2495.500
5550,1807.000
5551,1659.000
5552,1682.000
5553,1946.500
5554,2144.000
5555,2633.000
5556,2840.500
5557,3035.500
5558,3227.500
5559,3349.500
5560,3292.500
5561,2964.000
5562,2604.000
5563,2152.500
5564,1802.000
5565,1599.000
5566,1749.500
5567,2033.000
5568,2500.500
5569,2768.000
5570,2976.000
5571,3199.000
5572,3478.500
5573,3616.500
5574,3350.500
5575,2660.500
5576,2401.000
5577,1848.500
5578,1585.500
5579,1634.500
5580,1805.500
5581,2149.500
5582,2472.500
5583,2835.500
5584,3156.000
5585,3275.000
5586,3235.500
5587,3247.500
5588,3005.500
5589,2651.000
5590,2368.000
5591,1679.000
5592,1586.500
5593,1706.000
5594,2017.500
5595,2321.000
5596,2755.500
5597,3031.000
5598,3384.500
5599,3442.000
5600,3423.000
5601,3385.500
5602,2829.500
5603,2468.500
5604,1806.000
5605,1709.500
5606,1677.000
5607,1951.500
5608,2154.500
5609,2577.000
5610,2905.500
5611,3103.500
5612,3263.000
5613,3172.000
5614,3274.500
5615,3008.000
5616,2697.500
5617,2419.500
5618,1738.000
5619,1579.500
5620,1769.000
5621,1945.000
5622,2356.500
5623,2702.500
5624,2904.500
5625,3083.000
5626,3175.000
5627,3264.000
5628,3240.500
5629,2901.500
5630,2532.500
5631,2336.000
5632,1762.500
5633,1587.000
5634,1743.000
5635,1863.000
5636,2295.000
5637,2570.500
5638,2995.500
5639,3389.000
5640,3553.500
5641,3427.000
5642,3333.000
5643,2953.000
5644,2593.000
5645,1942.000
5646,1697.500
5647,1609.500
5648,1846.000
5649,2143.500
5650,2478.000
5651,2852.000
5652,3115.000
5653,3285.000
5654,3170.000
5655,3299.500
5656,3145.500
5657,2597.000
5658,2398.500
5659,2101.000
5660,1631.000
5661,1676.000
5662,1727.000
5663,2072.000
5664,2385.500
5665,2810.000
5666,3185.000
5667,3514.000
5668,3457.000
5669,3395.500
5670,3277.000
5671,2788.000
5672,2175.500
5673,1763.000
5674,1643.000
5675,1766.500
5676,2020.000
5677,2349.500
5678,2638.500
5679,2950.500
5680,3171.500
5681,3216.000
5682,3231.500
5683,3256.000
5684,2631.000
5685,2647.000
5686,1941.500
5687,1647.000
5688,1649.000
5689,1841.500
5690,2256.500
5691,2599.000
5692,3005.500
5693,3001.500
5694,3231.500
5695,3279.500
5696,3234.000
5697,2993.500
5698,2610.000
5699,2360.500
5700,1863.000
5701,1657.500
5702,1677.500
5703,1786.000
5704,2256.000
5705,2510.500
5706,2872.500
5707,3134.500
5708,3234.000
5709,3284.500
5710,3381.500
5711,3038.500
5712,2733.000
5713,2342.000
5714,1689.000
5715,1620.500
5716,1663.500
5717,1960.500
5718,2391.500
5719,2620.500
5720,2949.500
5721,3089.000
5722,3201.500
5723,3213.500
5724,3221.000
5725,2680.000
5726,2463.000
5727,2085.500
5728,1670.500
5729,1627.500
5730,1793.000
5731,2040.000
5732,2343.500
5733,2695.000
5734,3103.000
5735,3496.000
5736,3535.000
5737,3386.500
5738,3160.000
5739,2701.000
5740,2317.500
5741,1814.500
5742,1674.500
5743,1725.500
5744,1956.500
5745,2269.500
5746,2569.500
5747,2812.500
5748,3125.000
5749,3344.000
5750,3204.000
5751,3283.500
5752,2983.000
5753,2611.500
5754,2466.000
5755,1765.500
5756,1728.000
5757,1701.000
5758,1901.500
5759,2285.500
5760,2519.500
5761,2813.000
5762,3207.500
5763,3210.000
5764,3225.500
5765,3278.500
5766,3063.500
5767,2689.000
5768,2204.500
5769,1760.000
5770,1652.500
5771,1647.000
5772,1895.000
5773,2300.000
5774,2585.000
5775,2908.500
5776,3154.000
5777,3226.500
5778,3204.500
5779,3368.500
5780,2942.000
5781,2510.500
5782,2409.000
5783,1701.000
5784,1612.000
5785,1541.000
5786,1825.000
5787,2185.500
5788,2499.500
5789,2971.500
5790,3259.500
5791,3519.500
5792,3326.500
5793,3235.000
5794,2821.000
5795,2593.000
5796,2011.000
5797,1673.500
5798,1660.500
5799,1732.500
5800,2189.500
5801,2397.000
5802,2772.500
5803,2998.000
5804,3198.000
5805,3181.000
5806,3336.000
5807,3124.500
5808,2704.000
5809,2529.500
5810,1884.000
5811,1729.000
5812,1581.500
5813,1742.000
5814,2105.000
5815,2580.000
5816,2897.000
5817,3034.500
5818,3084.500
5819,3136.500
5820,3210.000
5821,3147.000
5822,2553.000
5823,2463.000
5824,2080.000
5825,1728.500
5826,1634.000
5827,1620.000
5828,2242.000
5829,2378.500
5830,2811.000
5831,3038.500
5832,3345.000
5833,3381.500
5834,3296.500
5835,3316.500
5836,2826.000
5837,2373.500
5838,1835.000
5839,1687.000
5840,1697.000
5841,2022.500
5842,2337.500
5843,2496.500
5844,2846.500
5845,3109.000
5846,3301.500
5847,3347.500
5848,3375.500
5849,3023.500
5850,2691.000
5851,2487.000
5852,1967.000
5853,1716.500
5854,1621.000
5855,1759.500
5856,1932.500
5857,2415.500
5858,2819.500
5859,2868.000
5860,3204.000
5861,3158.000
5862,3276.500
5863,3229.500
5864,2671.000
5865,2481.000
5866,2284.500
5867,1734.500
5868,1713.500
5869,1722.500
5870,1811.000
5871,2275.500
5872,2681.000
5873,2941.000
5874,3144.000
5875,3530.000
5876,3365.000
5877,3300.500
5878,2931.000
5879,2529.500
5880,2222.000
5881,1783.000
5882,1615.500
5883,1722.500
5884,1969.000
5885,2384.000
5886,2660.000
5887,3035.500
5888,3170.500
5889,3381.000
5890,3386.000
5891,3235.000
5892,2960.000
5893,2552.000
5894,2356.500
5895,1837.000
5896,1628.500
5897,1702.000
5898,1766.000
5899,2263.000
5900,2515.500
5901,2875.500
5902,3096.000
5903,3390.000
5904,3177.000
5905,3204.000
5906,3106.500
5907,2726.000
5908,2297.500
5909,1774.000
5910,1727.000
5911,1749.000
5912,2087.500
5913,2435.000
5914,2718.500
5915,2973.000
5916,3159.000
5917,3221.000
5918,3275.500
5919,3219.000
5920,2811.500
5921,2525.500
5922,2426.500
5923,1918.000
5924,1628.500
5925,1700.500
5926,1749.500
5927,2154.500
5928,2362.000
5929,2803.000
5930,3073.000
5931,3235.500
5932,3386.500
5933,3403.500
5934,3356.000
5935,2804.000
5936,2568.000
5937,1894.000
5938,1678.000
5939,1656.000
5940,1920.000
5941,2297.500
5942,2525.000
5943,2891.500
5944,3095.000
5945,3266.000
5946,3146.500
5947,3188.000
5948,3114.000
5949,2660.500
5950,2457.000
5951,2091.000
5952,1664.500
5953,1622.500
5954,1770.500
5955,2261.500
5956,2555.500
5957,2737.500
5958,3163.000
5959,3437.500
5960,3345.500
5961,3371.000
5962,3131.500
5963,2591.500
5964,2454.500
5965,2031.000
5966,1670.500
5967,1650.500
5968,1789.500
5969,2123.000
5970,2413.500
5971,2704.500
5972,2940.500
5973,3319.000
5974,3361.000
5975,3599.000
5976,3371.000
5977,2842.000
5978,2548.000
5979,1986.000
5980,1604.500
5981,1680.500
5982,1671.000
5983,2092.500
5984,2336.000
5985,2831.500
5986,2959.500
5987,3209.500
5988,3219.500
5989,3226.000
5990,3201.000
5991,2651.500
5992,2560.500
5993,2016.000
5994,1707.500
5995,1688.500
5996,1840.500
5997,2155.500
5998,2463.500
5999,2680.500
6000,3024.500
6001,3321.500
6002,3291.500
6003,3222.500
6004,3173.000
6005,2619.500
6006,2401.500
6007,1927.000
6008,1659.500
6009,1684.500
6010,1813.000
6011,2138.500
6012,2458.000
6013,2879.500
6014,2995.500
6015,3231.500
6016,3257.500
6017,3366.500
6018,3158.000
6019,2702.500
6020,2683.000
6021,2505.000
6022,2037.500
6023,1611.500
6024,1608.500
6025,1775.000
6026,1926.500
6027,2469.500
6028,2799.500
6029,2971.000
6030,3160.500
6031,3173.000
6032,3228.500
6033,3098.500
6034,2575.500
6035,2481.500
6036,2368.000
6037,1777.000
6038,1603.000
6039,1710.500
6040,1805.500
6041,2258.500
6042,2636.500
6043,2783.500
6044,3075.000
6045,3478.500
6046,3263.000
6047,3295.500
6048,3016.000
6049,2592.500
6050,2268.500
6051,1699.000
6052,1610.500
6053,1746.000
6054,2112.000
6055,2545.000
6056,2791.500
6057,3028.000
6058,3281.000
6059,3342.000
6060,3241.500
6061,3261.500
6062,2695.500
6063,2684.000
6064,2126.500
6065,1747.000
6066,1547.000
6067,1685.500
6068,1995.000
6069,2210.000
6070,2663.500
6071,2924.000
6072,3211.500
6073,3256.500
6074,3297.500
6075,3185.000
6076,2813.500
6077,2560.000
6078,2243.000
6079,1680.500
6080,1649.000
6081,1743.500
6082,2041.500
6083,2306.000
6084,2731.000
6085,3000.500
6086,3234.500
6087,3259.500
6088,3276.500
6089,3166.500
6090,2824.500
6091,2584.000
6092,2109.500
6093,1726.000
6094,1588.500
6095,1758.000
6096,1968.000
6097,2296.500
6098,2660.000
6099,2972.000
6100,3090.000
6101,3170.500
6102,3249.000
6103,3190.000
6104,2750.000
6105,2424.000
6106,2503.000
6107,2241.000
6108,1727.000
6109,1698.000
6110,1683.500
6111,1883.500
6112,2303.000
6113,2507.000
6114,2836.000
6115,3192.500
6116,3296.000
6117,3181.000
6118,3241.500
6119,2967.000
6120,2562.000
6121,2326.000
6122,1954.000
6123,1603.500
6124,1580.500
6125,1756.000
6126,2114.500
6127,2396.000
6128,2845.000
6129,3041.500
6130,3100.500
6131,3241.000
6132,3319.500
6133,2999.500
6134,2788.000
6135,2461.000
6136,1882.000
6137,1702.000
6138,1684.000
6139,1789.500
6140,2168.500
6141,2615.000
6142,2939.500
6143,3069.000
6144,3250.500
6145,3251.000
6146,3260.500
6147,3075.000
6148,2690.500
6149,2571.000
6150,2284.000
6151,1732.000
6152,1673.500
6153,1756.000
6154,2039.000
6155,2403.500
6156,2660.000
6157,2911.000
6158,3317.500
6159,3380.500
6160,3324.000
6161,3263.000
6162,2788.500
6163,2468.500
6164,1929.500
6165,1673.000
6166,1650.500
6167,1898.000
6168,2203.000
6169,2671.500
6170,2980.000
6171,3124.500
6172,3277.500
6173,3234.500
6174,3463.500
6175,3097.500
6176,2639.000
6177,2612.500
6178,1935.500
6179,1632.000
6180,1646.500
6181,1826.500
6182,2175.500
6183,2607.000
6184,2847.500
6185,3125.000
6186,3188.500
6187,3116.000
6188,3217.000
6189,2968.000
6190,2589.500
6191,2484.000
6192,2385.000
6193,1894.500
6194,1629.000
6195,1678.500
6196,1707.000
6197,2094.000
6198,2334.500
6199,2794.500
6200,3097.500
6201,3389.000
6202,3285.000
6203,3290.500
6204,3366.000
6205,2759.000
6206,2490.500
6207,1938.500
6208,1690.500
6209,1676.000
6210,1803.000
6211,2135.000
6212,2440.000
6213,2844.000
6214,3026.500
6215,3279.000
6216,3382.000
6217,3380.500
6218,3310.000
6219,2764.500
6220,2528.000
6221,2321.000
6222,1748.500
6223,1695.500
6224,1645.500
6225,1969.500
6226,2229.500
6227,2660.500
6228,2906.500
6229,3208.500
6230,3267.500
6231,3209.000
6232,3344.500
6233,2992.000
6234,2560.500
6235,2371.500
6236,1774.500
6237,1636.000
6238,1743.000
6239,1940.000
6240,2400.500
6241,2667.000
6242,2986.000
6243,3179.000
6244,3406.500
6245,3546.500
6246,3595.500
6247,3030.500
6248,2643.000
6249,2184.000
6250,1703.500
6251,1671.000
6252,1742.000
6253,2003.500
6254,2377.500
6255,2763.000
6256,3020.500
6257,3282.000
6258,3347.000
6259,3264.000
6260,3193.000
6261,2754.000
6262,2582.500
6263,2076.500
6264,1638.000
6265,1629.500
6266,1764.500
6267,2135.500
6268,2394.000
6269,2763.500
6270,3037.500
6271,3370.000
6272,3626.000
6273,3519.000
6274,3052.000
6275,2675.000
6276,2298.500
6277,1728.500
6278,1659.000
6279,1732.500
6280,1951.000
6281,2400.000
6282,2740.500
6283,2908.000
6284,3136.500
6285,3287.000
6286,3292.500
6287,3400.000
6288,2927.000
6289,2725.500
6290,2413.500
6291,1689.000
6292,1600.000
6293,1689.500
6294,1991.000
6295,2346.500
6296,2726.500
6297,2909.500
6298,3169.500
6299,3263.500
6300,3327.000
6301,3233.000
6302,2830.500
6303,2582.000
6304,2007.500
6305,1606.000
6306,1651.000
6307,1801.000
6308,2246.000
6309,2457.500
6310,2793.000
6311,3263.500
6312,3470.500
6313,3651.500
6314,3384.000
6315,3350.500
6316,2825.500
6317,2243.000
6318,1851.000
6319,1596.000
6320,1690.500
6321,2012.000
6322,2388.000
6323,2610.000
6324,3055.000
6325,3192.000
6326,3284.000
6327,3170.500
6328,3350.500
6329,2825.000
6330,2610.000
6331,2386.500
6332,2048.500
6333,1708.000
6334,1637.500
6335,1731.000
6336,2055.500
6337,2408.000
6338,2708.000
6339,3050.000
6340,3336.000
6341,3333.000
6342,3428.500
6343,3240.000
6344,2647.000
6345,2329.000
6346,1756.500
6347,1666.000
6348,1751.000
6349,1966.000
6350,2295.000
6351,2660.000
6352,3080.000
6353,3269.500
6354,3629.000
6355,3697.000
6356,3503.000
6357,2950.000
6358,2562.500
6359,2075.500
6360,1699.500
6361,1572.000
6362,1656.500
6363,1992.000
6364,2435.500
6365,2761.000
6366,2935.000
6367,3263.500
6368,3260.000
6369,3285.500
6370,3315.000
6371,2753.500
6372,2622.500
6373,2480.000
6374,2418.500
6375,1738.000
6376,1582.000
6377,1638.000
6378,1817.500
6379,2153.000
6380,2564.000
6381,2751.500
6382,3070.500
6383,3121.500
6384,3165.000
6385,3212.000
6386,3049.000
6387,2595.000
6388,2434.500
6389,1982.000
6390,1650.500
6391,1589.000
6392,1744.500
6393,2052.000
6394,2428.000
6395,2873.500
6396,3288.000
6397,3520.500
6398,3406.500
6399,3336.500
6400,3374.000
6401,2707.000
6402,2375.000
6403,1888.000
6404,1621.000
6405,1712.500
6406,1874.500
6407,2232.500
6408,2609.500
6409,2972.000
6410,3113.500
6411,3351.500
6412,3336.500
6413,3282.500
6414,3146.000
6415,2672.000
6416,2559.000
6417,2557.500
6418,2073.500
6419,1614.500
6420,1647.500
6421,1731.000
6422,2094.500
6423,2484.000
6424,2696.500
6425,3001.000
6426,3172.000
6427,3284.500
6428,3332.500
6429,3219.500
6430,2801.500
6431,2479.500
6432,2061.000
6433,1796.500
6434,1702.000
6435,1976.500
6436,2237.500
6437,2567.500
6438,2903.500
6439,3072.500
6440,3339.500
6441,3342.000
6442,3291.500
6443,3125.000
6444,2769.500
6445,2497.000
6446,2259.500
6447,1701.000
6448,1551.000
6449,1641.000
6450,2082.500
6451,2279.500
6452,2583.500
6453,2941.000
6454,3137.500
6455,3375.500
6456,3361.000
6457,3471.000
6458,3050.500
6459,2632.500
6460,2351.500
6461,1729.000
6462,1608.500
6463,1620.000
6464,1843.000
6465,2127.500
6466,2543.000
6467,2793.500
6468,3144.000
6469,3198.500
6470,3284.500
6471,3275.000
6472,2949.000
6473,2616.000
6474,2417.500
6475,1856.500
6476,1694.500
6477,1725.500
6478,1897.500
6479,2152.000
6480,2653.000
6481,2911.500
6482,3122.500
6483,3345.500
6484,3284.000
6485,3276.500
6486,2913.500
6487,2556.000
6488,2431.000
6489,2049.000
6490,1729.500
6491,1653.500
6492,1746.500
6493,2036.500
6494,2359.000
6495,2712.000
6496,3038.500
6497,3357.000
6498,3435.000
6499,3390.500
6500,3324.000
6501,2699.000
6502,2416.000
6503,1852.500
6504,1656.500
6505,1588.500
6506,1899.000
6507,2226.500
6508,2502.000
6509,2873.000
6510,3116.500
6511,3321.500
6512,3298.000
6513,3232.500
6514,3103.500
6515,2652.500
6516,2527.000
6517,2512.500
6518,2274.000
6519,1738.000
6520,1575.500
6521,1654.500
6522,1892.000
6523,2225.500
6524,2481.000
6525,2860.500
6526,3053.500
6527,3206.500
6528,3151.500
6529,3256.000
6530,2856.500
6531,2594.500
6532,2440.500
6533,2334.500
6534,1720.500
6535,1637.000
6536,1632.000
6537,1994.500
6538,2350.000
6539,2610.000
6540,2860.500
6541,3145.500
6542,3326.500
6543,3266.000
6544,3214.500
6545,3007.500
6546,2521.000
6547,2455.000
6548,2111.500
6549,1707.000
6550,1644.000
6551,1744.000
6552,2065.500
6553,2419.000
6554,2775.000
6555,3162.000
6556,3386.500
6557,3655.500
6558,3639.000
6559,3530.500
6560,2708.000
6561,2483.500
6562,1775.500
6563,1671.000
6564,1761.000
6565,1945.000
6566,2377.000
6567,2561.500
6568,3018.500
6569,3234.500
6570,3448.000
6571,3275.500
6572,3393.000
6573,2915.000
6574,2699.500
6575,2578.000
6576,2372.000
6577,1774.000
6578,1708.500
6579,1615.500
6580,1898.500
6581,2253.500
6582,2657.000
6583,2940.000
6584,3197.000
6585,3363.000
6586,3381.500
6587,3194.500
6588,2997.500
6589,2451.000
6590,2327.500
6591,1926.500
6592,1622.500
6593,1615.500
6594,1747.000
6595,2206.500
6596,2443.000
6597,2893.000
6598,3199.500
6599,3588.000
6600,3587.000
6601,3501.000
6602,3242.500
6603,2682.500
6604,2330.000
6605,1821.000
6606,1678.000
6607,1748.500
6608,1993.500
6609,2364.500
6610,2637.500
6611,2868.000
6612,3308.000
6613,3214.000
6614,3337.500
6615,3312.000
6616,2962.000
6617,2715.000
6618,2431.000
6619,1688.000
6620,1714.500
6621,1739.500
6622,1919.000
6623,2162.000
6624,2577.500
6625,2876.000
6626,3177.500
6627,3327.500
6628,3144.000
6629,3290.000
6630,2957.500
6631,2625.000
6632,2439.500
6633,1782.500
6634,1623.000
6635,1675.000
6636,1958.000
6637,2360.000
6638,2655.000
6639,2999.500
6640,3220.500
6641,3377.000
6642,3116.500
6643,3197.000
6644,2953.500
6645,2660.500
6646,2261.000
6647,1800.500
6648,1628.000
6649,1689.000
6650,1930.500
6651,2329.000
6652,2655.500
6653,2977.000
6654,3293.000
6655,3375.500
6656,3481.500
6657,3717.500
6658,2885.500
6659,2683.500
6660,2517.500
6661,1870.000
6662,1657.500
6663,1595.500
6664,1769.000
6665,2090.500
6666,2549.500
6667,2803.000
6668,3005.000
6669,3247.000
6670,3321.000
6671,3371.500
6672,3300.500
6673,2835.500
6674,2534.500
6675,2028.000
6676,1595.000
6677,1676.500
6678,1811.500
6679,2052.500
6680,2475.000
6681,2681.500
6682,3105.000
6683,3259.500
6684,3324.500
6685,3212.000
6686,3253.500
6687,2745.000
6688,2531.000
6689,2548.000
6690,1797.500
6691,1648.500
6692,1642.500
6693,1729.500
6694,2171.500
6695,2531.500
6696,2844.000
6697,3133.500
6698,3180.000
6699,3231.500
6700,3189.000
6701,3109.500
6702,2703.000
6703,2498.000
6704,2177.500
6705,1735.000
6706,1614.000
6707,1685.000
6708,1863.500
6709,2124.500
6710,2532.000
6711,2885.500
6712,3354.000
6713,3690.500
6714,3495.500
6715,3425.000
6716,3100.500
6717,2655.000
6718,2199.500
6719,1685.000
6720,1687.500
6721,1796.500
6722,2123.000
6723,2457.500
6724,2762.000
6725,3076.000
6726,3414.000
6727,3695.500
6728,3529.000
6729,3478.000
6730,2890.500
6731,2646.500
6732,2251.000
6733,1738.000
6734,1621.500
6735,1736.000
6736,1981.500
6737,2308.500
6738,2630.500
6739,2894.000
6740,3239.000
6741,3335.000
6742,3325.500
6743,3391.000
6744,2757.000
6745,2634.500
6746,2467.000
6747,1946.000
6748,1641.500
6749,1617.500
6750,1868.500
6751,2138.500
6752,2501.500
6753,2838.000
6754,3031.500
6755,3271.000
6756,3248.000
6757,3282.000
6758,3161.500
6759,2724.500
6760,2569.500
6761,2568.000
6762,1795.000
6763,1683.000
6764,1613.500
6765,1810.000
6766,2182.000
6767,2445.500
6768,2793.000
6769,3056.000
6770,3315.500
6771,3177.500
6772,3104.000
6773,3177.000
6774,2802.000
6775,2472.000
6776,2325.500
6777,1748.500
6778,1611.500
6779,1654.500
6780,1859.500
6781,2401.500
6782,2580.000
6783,2899.500
6784,3300.000
6785,3369.000
6786,3229.000
6787,3245.000
6788,2927.000
6789,2634.000
6790,2442.500
6791,2104.500
6792,1557.000
6793,1616.000
6794,1729.000
6795,2017.000
6796,2393.500
6797,2697.000
6798,3088.500
6799,3414.000
6800,3537.500
6801,3530.000
6802,3426.500
6803,2795.500
6804,2502.500
6805,2137.500
6806,1686.500
6807,1635.000
6808,1705.000
6809,2019.000
6810,2330.500
6811,2622.000
6812,3084.000
6813,3154.000
6814,3298.500
6815,3205.500
6816,3366.500
6817,2899.500
6818,2568.000
6819,2394.000
6820,1834.500
6821,1651.000
6822,1637.500
6823,2020.000
6824,2222.500
6825,2654.500
6826,2869.500
6827,3087.500
6828,3273.500
6829,3312.000
6830,3318.000
6831,3041.500
6832,2530.000
6833,2499.000
6834,1873.500
6835,1724.000
6836,1739.500
6837,1893.000
6838,2236.500
6839,2649.500
6840,2861.000
6841,3124.000
6842,3310.000
6843,3189.500
6844,3147.500
6845,2931.500
6846,2632.000
6847,2390.000
6848,1757.000
6849,1585.000
6850,1795.000
6851,2086.500
6852,2413.000
6853,2768.500
6854,3019.500
6855,3461.000
6856,3798.500
6857,3537.000
6858,3414.500
6859,2925.000
6860,2567.000
6861,2061.000
6862,1622.500
6863,1678.500
6864,1846.000
6865,2183.000
6866,2592.500
6867,2833.000
6868,3181.000
6869,3448.500
6870,3347.500
6871,3537.000
6872,3543.000
6873,2885.000
6874,2523.500
6875,2379.000
6876,1726.500
6877,1601.500
6878,1647.000
6879,1933.000
6880,2130.500
6881,2658.000
6882,2866.500
6883,3241.000
6884,3291.500
6885,3203.000
6886,3294.000
6887,3059.500
6888,2644.500
6889,2591.000
6890,2468.500
6891,1763.500
6892,1595.000
6893,1708.000
6894,1766.500
6895,2081.000
6896,2496.500
6897,2839.000
6898,3114.500
6899,3239.500
6900,3165.000
6901,3203.500
6902,3099.000
6903,2647.500
6904,2561.500
6905,2045.500
6906,1685.500
6907,1615.500
6908,1783.500
6909,2146.500
6910,2582.000
6911,2804.000
6912,3183.000
6913,3389.000
6914,3381.000
6915,3305.000
6916,3148.000
6917,2693.000
6918,2515.500
6919,2510.000
6920,1911.500
6921,1588.000
6922,1624.500
6923,1721.000
6924,2027.500
6925,2534.000
6926,2807.000
6927,2960.500
6928,3419.500
6929,3344.500
6930,3441.500
6931,3516.500
6932,2704.000
6933,2534.000
6934,1905.000
6935,1588.000
6936,1658.500
6937,1888.500
6938,2165.500
6939,2611.000
6940,2733.500
6941,3161.500
6942,3287.500
6943,3259.000
6944,3286.000
6945,3078.000
6946,2640.500
6947,2512.500
6948,2243.000
6949,2066.500
6950,1834.500
6951,1735.500
6952,1808.000
6953,2143.000
6954,2401.500
6955,2779.000
6956,3027.500
6957,3188.000
6958,3235.000
6959,3192.000
6960,3148.000
6961,2742.500
6962,2545.500
6963,2372.000
6964,1727.500
6965,1631.000
6966,1625.000
6967,1882.000
6968,2364.500
6969,2790.000
6970,2984.500
6971,3332.500
6972,3638.000
6973,3462.500
6974,3410.000
6975,2882.000
6976,2559.500
6977,1969.000
6978,1682.500
6979,1645.000
6980,1827.000
6981,2231.000
6982,2524.000
6983,2913.000
6984,3338.000
6985,3595.000
6986,3432.500
6987,3444.500
6988,3359.500
6989,2758.500
6990,2531.500
6991,2109.000
6992,1692.500
6993,1597.500
6994,1808.500
6995,1923.000
6996,2376.500
6997,2697.500
6998,2948.500
6999,3244.000
7000,3336.500
7001,3245.000
7002,3258.500
7003,2943.000
7004,2684.000
7005,2580.000
7006,2388.500
7007,1878.500
7008,1641.000
7009,1597.000
7010,1848.500
7011,2113.000
7012,2499.000
7013,2755.500
7014,3069.500
7015,3178.000
7016,3262.500
7017,3222.000
7018,3182.500
7019,2594.500
7020,2464.500
7021,2477.500
7022,2162.500
7023,1688.000
7024,1557.500
7025,1684.000
7026,1875.000
7027,2241.500
7028,2669.000
7029,2932.000
7030,3101.000
7031,3228.500
7032,3264.000
7033,3260.000
7034,2978.500
7035,2473.500
7036,2403.000
7037,2494.000
7038,2039.000
7039,1600.000
7040,1513.000
7041,1667.000
7042,1990.000
7043,2401.500
7044,2719.500
7045,2966.500
7046,3226.000
7047,3312.000
7048,3187.000
7049,3225.500
7050,2650.500
7051,2458.000
7052,1960.500
7053,1607.000
7054,1753.000
7055,1803.500
7056,2113.000
7057,2505.000
7058,2786.000
7059,3124.000
7060,3509.500
7061,3572.500
7062,3619.500
7063,3370.000
7064,2705.500
7065,2365.000
7066,1968.000
7067,1649.000
7068,1682.000
7069,1832.000
7070,2207.500
7071,2635.000
7072,2847.500
7073,3161.000
7074,3233.000
7075,3336.500
7076,3399.000
7077,3116.000
7078,2638.000
7079,2372.000
7080,2328.500
7081,2178.000
7082,1680.500
7083,1658.000
7084,1719.000
7085,1974.000
7086,2356.500
7087,2658.000
7088,2855.000
7089,3104.500
7090,3328.500
7091,3134.500
7092,3202.000
7093,2935.000
7094,2569.000
7095,2248.000
7096,1709.000
7097,1650.500
7098,1798.000
7099,2014.500
7100,2394.000
7101,2720.000
7102,3152.500
7103,3480.500
7104,3455.000
7105,3313.000
7106,3377.000
7107,2857.000
7108,2613.000
7109,1988.000
7110,1677.000
7111,1674.500
7112,1764.500
7113,2143.500
7114,2637.500
7115,2882.000
7116,3173.500
7117,3406.000
7118,3361.500
7119,3727.500
7120,3289.500
7121,2812.000
7122,2359.500
7123,1782.500
7124,1549.500
7125,1626.500
7126,1820.000
7127,2141.500
7128,2536.500
7129,2815.500
7130,3063.000
7131,3348.000
7132,3264.500
7133,3349.500
7134,3077.000
7135,2632.000
7136,2422.500
7137,2534.000
7138,2464.500
7139,2011.000
7140,1632.000
7141,1560.000
7142,1745.000
7143,2059.000
7144,2425.500
7145,2708.500
7146,3045.000
7147,3244.000
7148,3222.000
7149,3272.500
7150,3178.500
7151,2705.000
7152,2467.500
7153,2022.500
7154,1728.500
7155,1566.000
7156,1747.500
7157,1937.000
7158,2363.500
7159,2685.000
7160,3064.000
7161,3266.500
7162,3451.000
7163,3545.500
7164,3519.500
7165,2778.000
7166,2503.000
7167,2141.500
7168,1712.000
7169,1634.500
7170,1670.000
7171,1904.500
7172,2274.500
7173,2598.500
7174,2965.500
7175,3153.000
7176,3279.000
7177,3274.000
7178,3314.500
7179,3039.000
7180,2665.500
7181,2546.000
7182,2421.000
7183,2219.500
7184,1614.000
7185,1605.500
7186,1654.000
7187,1960.500
7188,2239.000
7189,2539.500
7190,2902.500
7191,3175.500
7192,3249.000
7193,3130.500
7194,3161.500
7195,2805.500
7196,2461.000
7197,2429.000
7198,2312.500
7199,2388.500
7200,2290.500
7201,1770.500
7202,1556.500
7203,1563.000
7204,1717.000
7205,2138.000
7206,2559.000
7207,2844.500
7208,3179.000
7209,3380.500
7210,3219.500
7211,3132.000
7212,3073.500
7213,2547.500
7214,2068.500
7215,1651.500
7216,1633.000
7217,1749.000
7218,2092.000
7219,2472.500
7220,2730.500
7221,3089.500
7222,3355.000
7223,3330.500
7224,3308.000
7225,3315.500
7226,2695.500
7227,2584.500
7228,2232.500
7229,1706.000
7230,1615.000
7231,1701.000
7232,1916.500
7233,2279.500
7234,2645.000
7235,2923.500
7236,3118.500
7237,3279.500
7238,3226.500
7239,3258.000
7240,3041.500
7241,2587.500
7242,2307.500
7243,1856.500
7244,1607.500
7245,1638.500
7246,1809.000
7247,2246.500
7248,2575.000
7249,2795.500
7250,3250.500
7251,3558.000
7252,3404.000
7253,3346.500
7254,3065.500
7255,2596.000
7256,2030.500
7257,1680.000
7258,1619.000
7259,1700.000
7260,2164.500
7261,2355.000
7262,2775.500
7263,3060.000
7264,3231.500
7265,3303.500
7266,3189.500
7267,3250.000
7268,2864.000
7269,2510.500
7270,2341.000
7271,2368.000
7272,2013.500
7273,1705.500
7274,1555.000
7275,1719.000
7276,1891.000
7277,2412.500
7278,2657.000
7279,2972.500
7280,3265.500
7281,3240.000
7282,3186.500
7283,3057.000
7284,2869.000
7285,2509.000
7286,2429.500
7287,2001.000
7288,1685.000
7289,1534.500
7290,1702.000
7291,2146.500
7292,2424.000
7293,2808.000
7294,3010.500
7295,3300.000
7296,3224.500
7297,3212.500
7298,3113.500
7299,2788.000
7300,2553.500
7301,2503.500
7302,2477.500
7303,2033.000
7304,1546.000
7305,1555.000
7306,1634.500
7307,1915.500
7308,2258.500
7309,2586.500
7310,2994.000
7311,3252.500
7312,3197.000
7313,3058.500
7314,3097.000
7315,2811.500
7316,2518.500
7317,2443.000
7318,2040.500
7319,1689.500
7320,1668.500
7321,1603.000
7322,1907.500
7323,2414.500
7324,2655.500
7325,3033.000
7326,3372.500
7327,3503.500
7328,3382.000
7329,3369.500
7330,2994.000
7331,2615.000
7332,2003.000
7333,1652.500
7334,1616.000
7335,1812.000
7336,2142.000
7337,2468.000
7338,2838.500
7339,3070.000
7340,3433.500
7341,3194.000
7342,3392.500
7343,3237.000
7344,2753.500
7345,2590.000
7346,2499.000
7347,2056.000
7348,1751.000
7349,1586.500
7350,1630.000
7351,1987.000
7352,2489.500
7353,2879.500
7354,3102.500
7355,3351.500
7356,3443.000
7357,3338.500
7358,3309.500
7359,2853.500
7360,2530.000
7361,1978.500
7362,1717.000
7363,1664.500
7364,1816.500
7365,2299.500
7366,2365.000
7367,2876.500
7368,3034.500
7369,3382.500
7370,3395.000
7371,3507.000
7372,3478.000
7373,2714.500
7374,2526.500
7375,2043.000
7376,1636.000
7377,1583.500
7378,1682.500
7379,2012.000
7380,2493.000
7381,2694.000
7382,2893.500
7383,3231.500
7384,3261.500
7385,3347.000
7386,3346.000
7387,2810.000
7388,2550.000
7389,2586.500
7390,2433.000
7391,2110.000
7392,1710.000
7393,1639.000
7394,1741.000
7395,2034.000
7396,2366.000
7397,2606.500
7398,2978.000
7399,3268.000
7400,3268.000
7401,3193.500
7402,3243.000
7403,2795.000
7404,2475.500
7405,2357.000
7406,2078.500
7407,1692.000
7408,1695.000
7409,1827.500
7410,2129.000
7411,2562.000
7412,2833.500
7413,3216.000
7414,3593.500
7415,3450.500
7416,3165.000
7417,3280.000
7418,2578.000
7419,2459.000
7420,1773.000
7421,1656.000
7422,1694.500
7423,1953.000
7424,2370.000
7425,2729.000
7426,2813.500
7427,3212.000
7428,3378.500
7429,3387.000
7430,3318.500
7431,2941.500
7432,2641.000
7433,2592.000
7434,2504.000
7435,1980.500
7436,1655.500
7437,1626.500
7438,1806.000
7439,2029.000
7440,2476.500
7441,2763.000
7442,3025.000
7443,3278.500
7444,3168.500
7445,3214.000
7446,3155.000
7447,2843.500
7448,2532.000
7449,2535.500
7450,1840.000
7451,1678.000
7452,1732.500
7453,1797.500
7454,2237.500
7455,2441.500
7456,2762.000
7457,3109.000
7458,3198.500
7459,3160.000
7460,3157.000
7461,3162.500
7462,2617.000
7463,2406.000
7464,2108.000
7465,1709.500
7466,1584.500
7467,1631.500
7468,2011.500
7469,2244.000
7470,2535.000
7471,3171.000
7472,3321.500
7473,3503.000
7474,3402.500
7475,3345.000
7476,2851.000
7477,2576.500
7478,2068.500
7479,1738.500
7480,1677.000
7481,1850.000
7482,2144.000
7483,2530.000
7484,2740.500
7485,3059.500
7486,3535.500
7487,3731.000
7488,3461.500
7489,3387.000
7490,2844.000
7491,2482.500
7492,1949.500
7493,1584.500
7494,1745.000
7495,1891.000
7496,2206.500
7497,2545.000
7498,2804.500
7499,3147.000
7500,3349.000
7501,3238.000
7502,3374.500
7503,3125.500
7504,2680.500
7505,2532.500
7506,2453.000
7507,2435.500
7508,1714.000
7509,1585.000
7510,1624.000
7511,1770.000
7512,2210.500
7513,2463.500
7514,2854.500
7515,3082.500
7516,3198.000
7517,3129.500
7518,3178.500
7519,3049.500
7520,2685.500
7521,2358.500
7522,1865.000
7523,1743.500
7524,1667.500
7525,1898.500
7526,2219.000
7527,2654.500
7528,2718.500
7529,3070.000
7530,3262.500
7531,3139.000
7532,3254.500
7533,3079.500
7534,2677.500
7535,2469.500
7536,2352.000
7537,2295.500
7538,1731.000
7539,1615.500
7540,1576.500
7541,1807.000
7542,2103.500
7543,2549.500
7544,2760.500
7545,3099.500
7546,3391.000
7547,3312.000
7548,3395.000
7549,3278.000
7550,2553.500
7551,2440.500
7552,1888.000
7553,1650.500
7554,1626.500
7555,1706.500
7556,2187.500
7557,2572.500
7558,2938.500
7559,2987.000
7560,3339.000
7561,3377.500
7562,3413.500
7563,3435.000
7564,2871.500
7565,2588.500
7566,2468.500
7567,2134.000
7568,1639.000
7569,1522.500
7570,1568.000
7571,1912.000
7572,2222.500
7573,2671.500
7574,2870.000
7575,3178.000
7576,3382.000
7577,3307.000
7578,3236.500
7579,2972.500
7580,2660.500
7581,2497.500
7582,2536.500
7583,1838.500
7584,1678.500
7585,1674.000
7586,1869.000
7587,2139.500
7588,2594.000
7589,2773.000
7590,3063.000
7591,3182.000
7592,3160.500
7593,3096.500
7594,3064.500
7595,2658.500
7596,2402.000
7597,2289.000
7598,1651.000
7599,1675.500
7600,1661.500
7601,1883.500
7602,2312.500
7603,2668.000
7604,2787.500
7605,3102.000
7606,3367.000
7607,3260.000
7608,3371.000
7609,2941.000
7610,2707.000
7611,2486.500
7612,1866.500
7613,1649.500
7614,1645.500
7615,1863.000
7616,2448.000
7617,2578.000
7618,2902.500
7619,3358.000
7620,3498.000
7621,3542.000
7622,3300.500
7623,3031.000
7624,2583.000
7625,2041.000
7626,1723.000
7627,1635.500
7628,1714.500
7629,2101.500
7630,2487.000
7631,2849.000
7632,3020.000
7633,3291.000
7634,3313.000
7635,3467.000
7636,3339.500
7637,2858.500
7638,2607.500
7639,1925.000
7640,1622.500
7641,1590.000
7642,1774.500
7643,2062.500
7644,2451.000
7645,2681.500
7646,3060.000
7647,3347.000
7648,3328.500
7649,3353.500
7650,3551.000
7651,2764.500
7652,2503.500
7653,2016.500
7654,1675.500
7655,1653.000
7656,1761.000
7657,2071.500
7658,2477.500
7659,2700.000
7660,2952.000
7661,3293.000
7662,3237.000
7663,3256.500
7664,3232.000
7665,2684.500
7666,2650.500
7667,2324.500
7668,1746.000
7669,1780.000
7670,1654.500
7671,1878.000
7672,2354.000
7673,2632.500
7674,2938.000
7675,3117.500
7676,3336.000
7677,3254.500
7678,3305.000
7679,2828.000
7680,2582.000
7681,2540.500
7682,2267.000
7683,1719.500
7684,1643.500
7685,1637.000
7686,1893.500
7687,2173.000
7688,2480.500
7689,2847.500
7690,3020.500
7691,3208.500
7692,3245.000
7693,3166.000
7694,3012.500
7695,2551.500
7696,2422.500
7697,2207.000
7698,1657.000
7699,1686.500
7700,1682.000
7701,2003.500
7702,2287.000
7703,2638.500
7704,2948.500
7705,3250.500
7706,3184.500
7707,3240.500
7708,3240.000
7709,2881.000
7710,2560.500
7711,2461.000
7712,2000.000
7713,1651.500
7714,1633.500
7715,1626.000
7716,2008.000
7717,2435.000
7718,2637.000
7719,3162.000
7720,3354.000
7721,3409.500
7722,3291.500
7723,3337.000
7724,2875.000
7725,2530.500
7726,2273.500
7727,1629.000
7728,1619.000
7729,1709.500
7730,1961.000
7731,2312.500
7732,2541.500
7733,2841.500
7734,3350.000
7735,3543.000
7736,3455.500
7737,3446.500
7738,2919.000
7739,2626.500
7740,2145.000
7741,1587.500
7742,1635.000
7743,1703.000
7744,2046.500
7745,2206.000
7746,2572.500
7747,2948.000
7748,3136.000
7749,3244.000
7750,3299.500
7751,3391.500
7752,2903.500
7753,2575.000
7754,2551.000
7755,1916.500
7756,1574.500
7757,1513.000
7758,1733.500
7759,2002.000
7760,2366.500
7761,2607.500
7762,2973.000
7763,3122.000
7764,3173.000
7765,3234.000
7766,3062.000
7767,2689.000
7768,2496.500
7769,2519.500
7770,2340.500
7771,1912.500
7772,1626.500
7773,1692.000
7774,1838.000
7775,2061.500
7776,2301.500
7777,2627.000
7778,2969.000
7779,3314.000
7780,3157.000
7781,3158.500
7782,3132.500
7783,2650.000
7784,2520.500
7785,2312.000
7786,1833.500
7787,1596.000
7788,1524.000
7789,1769.000
7790,1997.500
7791,2387.000
7792,2706.000
7793,3157.000
7794,3260.500
7795,3231.000
7796,3222.500
7797,3159.000
7798,2601.500
7799,2378.000
7800,1762.000
7801,1586.000
7802,1672.500
7803,1960.000
7804,2358.500
7805,2590.500
7806,3043.500
7807,3365.000
7808,3463.000
7809,3315.000
7810,3453.500
7811,2965.000
7812,2518.500
7813,2062.000
7814,1642.000
7815,1639.500
7816,1866.000
7817,2059.500
7818,2530.500
7819,2726.000
7820,3054.000
7821,3240.000
7822,3238.500
7823,3354.000
7824,3289.000
7825,2820.500
7826,2677.500
7827,2664.500
7828,2451.500
7829,1947.000
7830,1599.500
7831,1618.500
7832,1663.000
7833,1970.000
7834,2182.000
7835,2607.500
7836,2921.000
7837,3197.000
7838,3122.000
7839,3212.500
7840,3239.000
7841,2794.000
7842,2662.000
7843,2458.500
7844,2527.500
7845,1885.000
7846,1663.500
7847,1552.000
7848,1710.000
7849,1935.500
7850,2380.500
7851,2746.000
7852,2974.500
7853,3219.500
7854,3193.000
7855,3151.000
7856,3172.000
7857,2657.000
7858,2487.000
7859,2188.000
7860,1559.000
7861,1625.000
7862,1710.000
7863,1905.500
7864,2375.000
7865,2619.000
7866,2803.500
7867,3208.000
7868,3513.000
7869,3465.000
7870,3431.000
7871,2934.000
7872,2617.500
7873,1982.000
7874,1674.000
7875,1611.500
7876,1638.500
7877,2076.500
7878,2376.500
7879,2627.500
7880,3037.000
7881,3232.500
7882,3244.000
7883,3240.000
7884,3195.500
7885,2817.500
7886,2677.500
7887,2540.000
7888,1831.000
7889,1636.500
7890,1667.000
7891,1700.500
7892,2235.500
7893,2417.000
7894,2703.500
7895,3095.000
7896,3162.000
7897,3138.000
7898,3224.000
7899,3198.500
7900,2706.500
7901,2592.500
7902,2389.500
7903,1958.000
7904,1626.000
7905,1579.500
7906,1781.500
7907,2080.500
7908,2432.500
7909,2706.000
7910,2942.000
7911,3136.500
7912,3200.000
7913,3210.000
7914,3046.500
7915,2541.500
7916,2488.500
7917,2406.500
7918,2285.000
7919,1731.000
7920,1548.000
7921,1629.000
7922,1781.500
7923,2090.000
7924,2483.500
7925,2891.500
7926,3182.500
7927,3381.500
7928,3201.000
7929,3269.000
7930,2992.500
7931,2567.500
7932,2385.000
7933,1772.000
7934,1677.500
7935,1762.000
7936,1889.000
7937,2175.000
7938,2606.000
7939,2906.500
7940,3061.000
7941,3340.500
7942,3431.500
7943,3404.000
7944,3070.500
7945,2674.500
7946,2463.000
7947,1738.000
7948,1671.500
7949,1572.500
7950,1838.000
7951,2108.500
7952,2511.500
7953,2812.000
7954,3189.500
7955,3208.000
7956,3218.500
7957,3167.500
7958,3171.500
7959,2651.500
7960,2502.500
7961,2237.000
7962,1791.500
7963,1646.000
7964,1721.500
7965,2014.000
7966,2243.000
7967,2510.000
7968,2913.000
7969,3130.500
7970,3318.500
7971,3175.500
7972,3300.000
7973,3052.500
7974,2672.000
7975,2498.000
7976,2376.500
7977,1764.500
7978,1593.000
7979,1636.500
7980,1863.500
7981,2208.500
7982,2585.000
7983,2825.500
7984,3173.500
7985,3300.500
7986,3355.000
7987,3413.500
7988,3084.500
7989,2672.500
7990,2509.000
7991,2115.000
7992,1637.500
7993,1570.000
7994,1651.000
7995,1988.000
7996,2407.000
7997,2743.500
7998,3014.500
7999,3179.000
8000,3248.000
8001,3301.500
8002,3169.000
8003,2872.000
8004,2606.500
8005,2450.000
8006,1881.000
8007,1688.500
8008,1618.500
8009,1747.500
8010,2155.000
8011,2544.000
8012,2716.500
8013,3176.500
8014,3212.500
8015,3130.000
8016,3319.000
8017,3039.000
8018,2652.000
8019,2448.500
8020,2461.000
8021,2475.500
8022,1949.000
8023,1661.500
8024,1603.000
8025,1664.500
8026,1895.000
8027,2324.000
8028,2688.000
8029,2988.500
8030,3221.000
8031,3207.500
8032,3109.500
8033,3278.000
8034,2739.000
8035,2440.500
8036,1880.000
8037,1759.000
8038,1693.000
8039,1816.000
8040,2156.000
8041,2496.500
8042,2884.000
8043,3138.000
8044,3339.000
8045,3378.000
8046,3279.500
8047,3134.000
8048,2500.500
8049,2304.500
8050,1750.000
8051,1633.000
8052,1673.500
8053,1909.000
8054,2230.000
8055,2600.000
8056,3006.000
8057,3176.500
8058,3406.500
8059,3230.000
8060,1672.500
8061,1920.500
8062,2153.500
8063,2589.500
8064,2892.500
8065,3128.000
8066,3263.500
8067,3164.000
8068,3304.500
8069,3025.500
8070,2681.000
8071,2374.000
8072,2250.000
8073,1782.000
8074,1611.000
8075,1684.500
8076,1909.000
8077,2306.500
8078,2676.500
8079,2846.000
8080,3091.000
8081,3312.000
8082,3155.500
8083,3257.500
8084,2810.500
8085,2601.000
8086,2449.500
8087,2318.000
8088,1809.000
8089,1568.500
8090,1650.500
8091,1703.500
8092,1972.000
8093,2376.500
8094,2643.500
8095,2979.000
8096,3118.000
8097,3187.000
8098,3156.000
8099,3207.000
8100,2713.000
8101,2498.500
8102,1978.500
8103,1591.000
8104,1646.500
8105,1769.500
8106,2049.000
8107,2414.500
8108,2982.500
8109,3263.500
8110,3489.000
8111,3420.500
8112,3468.000
8113,3239.000
8114,2742.500
8115,2414.500
8116,1842.500
8117,1664.000
8118,1736.500
8119,1897.000
8120,2246.000
8121,2636.000
8122,2824.000
8123,3104.000
8124,3241.000
8125,3307.000
8126,3439.000
8127,2997.500
8128,2631.000
8129,2598.000
8130,2510.500
8131,2465.000
8132,2472.000
8133,2442.000
8134,1635.000
8135,1580.000
8136,1474.500
8137,1758.000
8138,2040.000
8139,2518.000
8140,2764.500
8141,3009.500
8142,3187.500
8143,3174.500
8144,3159.000
8145,3117.500
8146,2589.500
8147,2221.500
8148,1656.000
8149,1661.000
8150,1800.000
8151,1780.500
8152,2328.000
8153,2636.000
8154,2912.500
8155,3044.500
8156,3344.000
8157,3293.500
8158,3216.000
8159,2963.000
8160,2611.500
8161,2446.000
8162,2061.000
8163,1651.500
8164,1588.000
8165,1579.500
8166,1816.000
8167,2233.500
8168,2646.500
8169,2889.000
8170,3223.000
8171,3234.500
8172,3357.500
8173,3464.500
8174,2844.500
8175,2513.500
8176,2020.000
8177,1693.500
8178,1616.500
8179,1715.000
8180,1932.000
8181,2356.500
8182,2652.500
8183,2931.500
8184,3252.000
8185,3198.500
8186,3365.500
8187,3294.500
8188,2856.000
8189,2507.500
8190,2491.000
8191,2486.500
8192,2431.000
8193,1860.000
8194,1587.500
8195,1542.500
8196,1714.000
8197,2042.500
8198,2423.000
8199,2740.000
8200,2961.000
8201,3150.000
8202,3136.000
8203,3338.500
8204,3127.000
8205,2620.000
8206,2503.500
8207,2416.500
8208,1907.500
8209,1646.000
8210,1564.500
8211,1712.500
8212,1954.000
8213,2372.500
8214,2670.500
8215,2894.000
8216,3087.000
8217,3230.000
8218,3233.500
8219,3137.000
8220,2745.000
8221,2537.000
8222,1960.000
8223,1590.500
8224,1658.500
8225,1790.000
8226,2118.500
8227,2599.500
8228,2921.500
8229,3010.500
8230,3405.500
8231,3309.500
8232,3303.500
8233,3209.500
8234,2707.000
8235,2516.500
8236,2334.500
8237,1794.500
8238,1562.500
8239,1590.500
8240,1790.500
8241,2057.000
8242,2525.000
8243,2745.500
8244,3014.000
8245,3307.500
8246,3298.000
8247,3282.000
8248,3181.500
8249,2772.500
8250,2532.000
8251,2482.500
8252,2130.000
8253,1666.500
8254,1562.500
8255,1656.000
8256,1799.500
8257,2137.500
8258,2482.500
8259,2735.500
8260,3161.500
8261,3286.500
8262,3278.000
8263,3186.000
8264,2851.000
8265,2689.000
8266,2429.000
8267,2485.000
8268,2227.000
8269,1982.000
8270,1586.500
8271,1577.000
8272,1708.000
8273,1890.500
8274,2367.000
8275,2602.500
8276,2855.000
8277,3164.500
8278,3298.500
8279,3162.500
8280,3202.000
8281,2823.500
8282,2506.000
8283,2043.500
8284,1685.000
8285,1536.500
8286,1614.000
8287,1997.000
8288,2399.500
8289,2828.000
8290,3075.000
8291,3376.500
8292,3473.000
8293,3447.500
8294,3348.500
8295,2765.000
8296,2397.000
8297,1745.500
8298,1708.500
8299,1686.500
8300,1768.500
8301,1983.500
8302,2481.500
8303,2688.000
8304,3132.500
8305,3358.000
8306,3200.000
8307,3340.000
8308,3200.000
8309,2699.500
8310,2508.000
8311,2499.000
8312,2401.500
8313,2238.000
8314,1629.000
8315,1576.500
8316,1545.000
8317,1798.000
8318,2217.000
8319,2476.000
8320,2797.500
8321,3069.000
8322,3285.000
8323,3172.500
8324,3206.000
8325,3085.500
8326,2683.500
8327,2381.500
8328,2246.000
8329,1729.000
8330,1554.000
8331,1588.500
8332,1803.000
8333,2125.500
8334,2339.000
8335,2813.500
8336,3063.000
8337,3354.000
8338,3382.500
8339,3192.000
8340,3156.000
8341,2630.000
8342,2471.500
8343,1874.500
8344,1695.500
8345,1582.000
8346,1753.000
8347,2133.000
8348,2501.000
8349,2808.000
8350,3074.500
8351,3231.500
8352,3224.000
8353,3368.000
8354,3320.500
8355,2773.000
8356,2513.000
8357,2453.000
8358,1902.000
8359,1610.000
8360,1544.000
8361,1665.000
8362,1919.000
8363,2306.500
8364,2591.000
8365,2959.000
8366,3120.500
8367,3208.500
8368,3156.000
8369,3224.500
8370,2782.500
8371,2619.000
8372,2447.000
8373,2416.500
8374,1786.500
8375,1557.000
8376,1565.500
8377,1693.500
8378,1994.500
8379,2293.500
8380,2695.000
8381,2808.500
8382,3136.500
8383,3118.000
8384,3126.500
8385,3200.500
8386,2749.500
8387,2434.000
8388,2363.500
8389,2041.000
8390,1590.000
8391,1583.000
8392,1634.500
8393,2057.000
8394,2362.500
8395,2674.000
8396,2974.500
8397,3241.500
8398,3248.000
8399,3159.500
8400,3253.000
8401,2759.500
8402,2477.500
8403,1798.500
8404,1726.500
8405,1639.500
8406,1767.500
8407,2072.000
8408,2654.500
8409,2815.500
8410,3145.500
8411,3447.000
8412,3307.000
8413,3338.000
8414,3169.500
8415,2661.500
8416,2490.000
8417,2059.500
8418,1631.000
8419,1552.500
8420,1697.500
8421,1863.000
8422,2305.500
8423,2741.500
8424,2941.500
8425,3142.500
8426,3204.000
8427,3324.500
8428,3258.000
8429,2903.500
8430,2689.000
8431,2543.500
8432,1708.500
8433,1645.000
8434,1580.000
8435,1704.000
8436,1997.500
8437,2446.000
8438,2751.000
8439,2972.500
8440,3252.000
8441,3179.500
8442,3199.500
8443,3051.000
8444,2609.500
8445,2463.500
8446,2199.000
8447,1719.000
8448,1574.000
8449,1694.000
8450,1851.500
8451,2250.000
8452,2513.500
8453,2839.500
8454,3156.500
8455,3239.500
8456,3235.000
8457,3261.500
8458,2949.500
8459,2606.500
8460,2454.500
8461,2086.500
8462,1579.500
8463,1579.000
8464,1754.500
8465,2015.500
8466,2303.500
8467,2572.500
8468,2872.000
8469,3090.000
8470,3284.500
8471,3129.500
8472,3213.000
8473,2890.000
8474,2556.500
8475,2531.500
8476,2248.000
8477,1690.000
8478,1514.500
8479,1582.500
8480,1709.000
8481,2217.500
8482,2489.500
8483,2779.500
8484,3006.500
8485,3193.500
8486,3213.500
8487,3099.000
8488,3121.500
8489,2568.000
8490,2487.000
8491,2396.000
8492,2397.500
8493,2100.500
8494,1594.500
8495,1562.000
8496,1539.500
8497,1797.500
8498,2217.500
8499,2518.500
8500,2803.000
8501,2967.000
8502,3183.500
8503,3125.500
8504,3212.500
8505,2747.000
8506,2595.500
8507,2406.000
8508,2190.500
8509,1794.000
8510,1601.500
8511,1657.500
8512,1797.000
8513,2066.000
8514,2431.500
8515,2759.000
8516,2991.500
8517,3334.000
8518,3314.000
8519,3211.000
8520,3057.500
8521,2686.000
8522,2566.500
8523,1957.000
8524,1538.000
8525,1582.000
8526,1671.500
8527,1998.000
8528,2345.500
8529,2688.000
8530,3030.500
8531,3217.500
8532,3457.000
8533,3341.500
8534,3299.500
8535,2745.000
8536,2444.500
8537,2368.500
8538,1868.500
8539,1608.000
8540,1550.000
8541,1675.500
8542,2026.000
8543,2442.500
8544,2692.500
8545,2874.000
8546,3201.500
8547,3214.000
8548,3126.500
8549,3213.000
8550,2865.500
8551,2661.500
8552,2444.000
8553,2068.000
8554,1650.000
8555,1582.500
8556,1695.000
8557,1803.000
8558,2253.000
8559,2535.500
8560,2855.500
8561,3165.000
8562,3206.000
8563,3161.500
8564,3203.500
8565,2924.000
8566,2504.500
8567,2342.500
8568,2136.000
8569,1633.500
8570,1582.500
8571,1647.000
8572,1870.000
8573,2387.000
8574,2522.000
8575,2754.500
8576,3095.000
8577,3227.000
8578,3254.500
8579,3232.500
8580,2798.000
8581,2563.000
8582,2131.500
8583,1644.000
8584,1597.000
8585,1702.500
8586,1978.000
8587,2337.500
8588,2722.000
8589,2943.000
8590,3074.500
8591,3449.500
8592,3376.000
8593,3322.000
8594,2897.000
8595,2584.500
8596,2219.500
8597,1666.500
8598,1560.000
8599,1648.000
8600,1827.000
8601,2232.500
8602,2554.500
8603,2873.000
8604,2987.500
8605,3156.500
8606,3177.500
8607,3199.500
8608,2905.000
8609,2623.000
8610,2463.500
8611,2243.000
8612,2092.500
8613,1653.000
8614,1496.500
8615,1605.500
8616,1800.000
8617,2110.500
8618,2420.500
8619,2725.000
8620,2881.000
8621,3155.000
8622,3101.000
8623,3170.500
8624,2881.000
8625,2667.500
8626,2504.500
8627,2312.500
8628,1828.500
8629,1631.000
8630,1638.500
8631,1813.000
8632,2003.000
8633,2349.000
8634,2724.500
8635,2947.000
8636,3118.500
8637,3134.500
8638,3266.500
8639,3258.500
8640,2725.500
8641,2499.500
8642,2172.000
8643,1645.500
8644,1621.000
8645,1597.000
8646,1750.000
8647,2190.500
8648,2609.500
8649,2728.500
8650,3143.000
8651,3225.500
8652,3255.500
8653,3389.500
8654,3194.000
8655,2609.500
8656,2303.500
8657,1740.500
8658,1610.500
8659,1611.500
8660,1808.000
8661,2253.000
8662,2460.000
8663,2713.500
8664,2942.000
8665,3055.500
8666,3180.500
8667,3195.500
8668,3146.000
8669,2605.000
8670,2364.500
8671,2379.000
8672,1968.000
8673,1532.500
8674,1551.500
8675,1725.000
8676,1816.500
8677,2170.500
8678,2512.500
8679,2899.500
8680,3256.000
8681,3355.500
8682,3332.000
8683,3183.000
8684,2862.000
8685,2482.500
8686,1928.000
8687,1626.000
8688,1672.500
8689,1736.000
8690,2080.500
8691,2392.000
8692,2719.000
8693,2997.000
8694,3142.000
8695,3341.500
8696,3376.000
8697,3345.500
8698,2571.000
8699,2519.000
8700,2249.000
8701,1689.500
8702,1651.000
8703,1608.500
8704,1804.500
8705,2119.500
8706,2422.000
8707,2756.500
8708,3058.500
8709,3144.000
8710,3152.500
8711,3254.500
8712,2956.500
8713,2662.500
8714,2449.000
8715,2198.000
8716,1688.000
8717,1508.000
8718,1610.000
8719,1924.000
8720,2302.000
8721,2629.500
8722,2870.500
8723,3074.500
8724,3214.000
8725,3125.000
8726,3133.500
8727,2924.000
8728,2531.000
8729,2380.500
8730,2404.500
8731,1914.000
8732,1603.000
8733,1578.500
8734,1626.000
8735,1897.000
8736,2208.500
8737,2581.000
8738,2853.500
8739,3124.000
8740,3169.500
8741,3101.000
8742,3149.000
8743,2733.000
8744,2399.500
8745,2410.000
8746,1782.500
8747,1597.000
8748,1568.000
8749,1698.000
8750,2050.500
8751,2489.500
8752,2689.500
8753,2940.000
8754,3294.000
8755,3360.000
8756,3352.000
8757,3189.000
8758,2717.000
8759,2347.500
8760,1893.500
8761,1619.500
8762,1526.000
8763,1689.000
8764,2058.500
8765,2444.000
8766,2768.500
8767,2914.500
8768,3164.500
8769,3145.000
8770,3138.000
8771,3187.500
8772,2755.000
8773,2665.000
8774,2310.000
8775,1738.500
8776,1573.500
8777,1663.500
8778,1795.000
8779,2250.500
8780,2507.500
8781,2712.500
8782,3050.500
8783,3063.000
8784,3065.000
8785,3253.000
8786,2984.000
8787,2621.000
8788,2453.000
8789,2195.000
8790,1631.500
8791,1606.000
8792,1629.000
8793,1841.500
8794,2184.000
8795,2523.500
8796,2817.000
8797,3125.000
8798,3478.000
8799,3287.500
8800,3323.000
8801,2930.500
8802,2608.000
8803,2251.500
8804,1751.000
8805,1603.000
8806,1758.000
8807,1808.500
8808,2144.500
8809,2532.500
8810,2820.500
8811,3090.000
8812,3129.000
8813,3194.000
8814,3376.000
8815,2949.000
8816,2625.500
8817,2408.500
8818,1763.500
8819,1568.000
8820,1583.500
8821,1755.500
8822,2036.500
8823,2421.000
8824,2778.500
8825,2954.500
8826,3181.000
8827,3083.500
8828,3185.500
8829,3228.000
8830,2605.500
8831,2470.000
8832,2173.500
8833,1638.500
8834,1546.000
8835,1641.500
8836,1859.500
8837,2254.500
8838,2553.000
8839,2879.000
8840,3135.500
8841,3358.500
8842,3191.500
8843,3226.500
8844,2783.000
8845,2629.500
8846,2028.500
8847,1700.500
8848,1567.500
8849,1612.500
8850,1984.000
8851,2305.500
8852,2660.000
8853,2929.000
8854,3090.500
8855,3195.000
8856,3187.500
8857,3290.500
8858,2807.000
8859,2563.500
8860,2396.500
8861,2474.000
8862,2363.500
8863,1949.500
8864,1585.500
8865,1557.000
8866,1587.500
8867,1847.500
8868,2225.500
8869,2558.500
8870,2718.000
8871,3135.500
8872,3211.000
8873,3076.000
8874,3098.500
8875,2871.000
8876,2481.500
8877,2408.500
8878,2364.500
8879,1731.500
8880,1588.000
8881,1565.500
8882,1747.500
8883,2020.000
8884,2411.500
8885,2718.500
8886,3012.000
8887,3063.500
8888,3109.000
8889,3187.500
8890,3006.500
8891,2546.500
8892,2454.000
8893,2209.000
8894,1640.000
8895,1569.000
8896,1624.000
8897,1930.000
8898,2154.500
8899,2541.500
8900,2930.000
8901,3089.000
8902,3264.500
8903,3299.000
8904,3195.000
8905,3119.000
8906,2557.500
8907,2357.000
8908,1705.500
8909,1555.000
8910,1660.500
8911,1938.500
8912,2224.500
8913,2444.500
8914,2844.000
8915,3119.000
8916,3389.000
8917,3322.000
8918,3288.500
8919,3023.000
8920,2624.000
8921,2467.500
8922,1827.000
8923,1633.000
8924,1668.000
8925,1747.500
8926,1973.000
8927,2292.500
8928,2651.000
8929,2859.500
8930,3088.000
8931,3219.000
8932,3197.000
8933,3164.000
8934,2749.000
8935,2584.000
8936,2418.500
8937,2451.000
8938,1990.000
8939,1683.000
8940,1518.000
8941,1581.500
8942,1746.500
8943,2158.500
8944,2734.500
8945,2816.000
8946,3037.500
8947,3151.000
8948,3001.000
8949,3126.000
8950,2726.000
8951,2526.000
8952,2380.500
8953,1952.000
8954,1572.000
8955,1529.500
8956,1712.500
8957,2064.500
8958,2378.000
8959,2556.000
8960,2944.500
8961,3226.000
8962,3355.000
8963,3253.000
8964,3151.000
8965,2670.500
8966,2307.000
8967,1767.000
8968,1548.500
8969,1596.500
8970,1762.000
8971,2158.500
8972,2513.000
8973,2742.000
8974,3090.000
8975,3239.000
8976,3244.000
8977,3288.000
8978,3137.500
8979,2602.000
8980,2453.500
8981,2278.000
8982,1676.500
8983,1541.500
8984,1541.000
8985,1676.500
8986,2048.000
8987,2421.000
8988,2673.000
8989,2927.500
8990,3174.000
8991,3133.500
8992,3118.000
8993,2921.500
8994,2733.500
8995,2343.000
8996,2012.500
8997,1635.000
8998,1557.000
8999,1691.500
9000,1993.000
9001,2424.000
9002,2653.000
9003,2816.500
9004,3045.500
9005,3139.000
9006,3177.500
9007,3067.500
9008,2708.000
9009,2379.000
9010,2418.500
9011,1805.500
9012,1593.500
9013,1507.000
9014,1806.000
9015,2170.500
9016,2487.000
9017,2780.500
9018,2965.000
9019,3193.500
9020,3157.500
9021,3191.500
9022,3056.000
9023,2575.000
9024,2437.000
9025,2047.500
9026,1649.000
9027,1644.000
9028,1715.500
9029,1911.000
9030,2305.000
9031,2676.000
9032,3011.000
9033,3286.000
9034,3280.500
9035,3114.000
9036,3140.000
9037,2814.500
9038,2644.000
9039,2403.000
9040,2028.000
9041,1737.500
9042,1762.500
9043,1849.500
9044,2185.000
9045,2517.500
9046,2882.500
9047,3106.500
9048,3142.000
9049,3126.500
9050,3078.000
9051,3134.000
9052,2782.000
9053,2468.000
9054,2230.000
9055,1654.000
9056,1605.000
9057,1632.500
9058,1901.500
9059,2248.500
9060,2587.500
9061,2911.000
9062,3139.000
9063,3144.500
9064,3187.000
9065,3142.500
9066,2855.500
9067,2529.500
9068,2383.500
9069,2379.500
9070,2038.500
9071,1670.000
9072,1538.000
9073,1648.000
9074,1858.500
9075,2270.500
9076,2561.500
9077,2769.500
9078,3024.000
9079,3087.500
9080,3157.500
9081,3220.000
9082,2682.500
9083,2559.000
9084,2331.000
9085,1931.000
9086,1577.500
9087,1633.000
9088,1690.500
9089,1910.000
9090,2510.000
9091,2742.500
9092,2998.500
9093,3190.500
9094,3253.000
9095,3171.500
9096,3139.500
9097,2710.000
9098,2423.000
9099,1819.000
9100,1616.500
9101,1591.000
9102,1711.500
9103,2128.500
9104,2427.500
9105,2661.500
9106,2994.000
9107,3148.000
9108,3104.000
9109,3216.500
9110,3005.500
9111,2622.000
9112,2362.500
9113,2383.000
9114,2353.000
9115,1693.500
9116,1546.500
9117,1559.000
9118,1694.500
9119,1958.000
9120,2352.500
9121,2747.000
9122,3039.000
9123,3209.500
9124,3226.000
9125,3225.000
9126,3210.500
9127,2644.000
9128,2341.000
9129,1974.000
9130,1606.500
9131,1584.000
9132,1679.500
9133,1938.000
9134,2393.000
9135,2696.000
9136,2925.000
9137,3119.500
9138,3086.500
9139,3184.000
9140,3182.500
9141,2594.000
9142,2515.000
9143,2372.000
9144,2401.000
9145,2369.000
9146,1934.500
9147,1467.500
9148,1455.500
9149,1645.000
9150,1825.000
9151,2254.000
9152,2563.500
9153,2805.500
9154,3059.500
9155,3152.500
9156,3094.500
9157,3035.500
9158,2752.000
9159,2568.000
9160,1950.500
9161,1603.500
9162,1635.000
9163,1642.000
9164,2036.000
9165,2320.000
9166,2623.000
9167,2876.500
9168,3040.000
9169,3171.500
9170,3305.000
9171,3303.000
9172,2840.500
9173,2670.500
9174,2157.000
9175,1603.500
9176,1596.000
9177,1626.000
9178,1820.000
9179,2159.500
9180,2511.000
9181,2858.000
9182,2999.500
9183,3041.500
9184,3123.000
9185,3070.000
9186,2811.000
9187,2618.000
9188,2402.000
9189,1938.000
9190,1616.500
9191,1531.000
9192,1704.500
9193,1880.000
9194,2245.000
9195,2659.500
9196,2901.000
9197,3170.500
9198,3145.000
9199,3206.000
9200,3108.500
9201,2891.000
9202,2517.000
9203,2400.000
9204,1791.500
9205,1514.500
9206,1584.000
9207,1720.500
9208,2026.500
9209,2305.500
9210,2643.000
9211,2901.000
9212,3183.000
9213,3169.000
9214,3186.500
9215,3145.500
9216,2717.500
9217,2527.500
9218,1979.000
9219,1616.000
9220,1517.500
9221,1602.500
9222,1932.500
9223,2312.000
9224,2645.000
9225,2774.500
9226,3076.500
9227,3120.500
9228,3106.500
9229,3130.500
9230,2779.500
9231,2530.500
9232,2396.000
9233,2081.000
9234,1558.500
9235,1610.000
9236,1713.000
9237,1993.000
9238,2192.000
9239,2539.500
9240,2865.500
9241,3024.500
9242,3225.000
9243,3091.000
9244,3119.000
9245,2858.500
9246,2541.000
9247,2326.000
9248,1831.500
9249,1566.500
9250,1661.000
9251,1798.000
9252,2048.500
9253,2437.500
9254,2717.500
9255,2937.000
9256,3093.500
9257,3158.000
9258,3144.000
9259,3155.500
9260,2681.500
9261,2501.000
9262,2423.500
9263,1908.000
9264,1565.000
9265,1518.500
9266,1616.500
9267,1883.500
9268,2158.000
9269,2500.000
9270,2840.500
9271,2861.000
9272,3194.500
9273,3151.000
9274,3286.500
9275,3059.500
9276,2598.500
9277,2511.000
9278,1701.000
9279,1506.500
9280,1599.000
9281,1660.000
9282,2033.000
9283,2423.000
9284,2703.500
9285,2879.500
9286,3257.500
9287,3087.500
9288,3136.500
9289,3057.500
9290,2678.500
9291,2422.000
9292,1822.500
9293,1715.000
9294,1716.000
9295,1837.500
9296,2190.500
9297,2519.500
9298,2748.500
9299,2934.000
9300,3117.000
9301,3133.000
9302,3126.500
9303,3127.500
9304,2520.500
9305,2476.500
9306,2070.500
9307,1689.000
9308,1634.000
9309,1666.000
9310,1882.500
9311,2320.500
9312,2490.000
9313,2887.000
9314,3075.000
9315,3106.000
9316,3223.000
9317,3083.500
9318,2825.500
9319,2444.000
9320,2451.000
9321,2292.000
9322,1620.000
9323,1580.500
9324,1611.500
9325,1831.000
9326,2015.000
9327,2443.000
9328,2629.500
9329,3041.000
9330,3296.000
9331,3248.500
9332,3348.000
9333,3069.500
9334,2694.000
9335,2445.500
9336,1683.500
9337,1603.000
9338,1711.000
9339,1805.500
9340,2148.500
9341,2416.500
9342,2719.500
9343,3025.000
9344,3096.000
9345,3219.000
9346,3214.000
9347,2935.500
9348,2617.500
9349,2504.000
9350,2333.000
9351,1638.000
9352,1526.000
9353,1624.500
9354,1685.500
9355,2059.500
9356,2318.500
9357,2686.000
9358,2992.500
9359,3072.500
9360,3197.000
9361,3207.000
9362,3072.500
9363,2709.500
9364,2451.500
9365,2392.000
9366,1817.500
9367,1542.500
9368,1573.000
9369,1668.000
9370,2023.000
9371,2348.500
9372,2704.500
9373,2968.000
9374,3227.500
9375,3112.500
9376,3019.500
9377,3190.500
9378,2747.000
9379,2457.000
9380,1905.000
9381,1490.500
9382,1563.000
9383,1789.500
9384,2013.500
9385,2328.500
9386,2587.500
9387,2901.000
9388,3272.500
9389,3360.000
9390,3342.000
9391,3308.500
9392,2791.500
9393,2453.500
9394,1692.000
9395,1598.500
9396,1532.500
9397,1673.500
9398,1983.000
9399,2391.000
9400,2681.000
9401,2755.000
9402,3135.000
9403,3298.000
9404,3373.500
9405,3158.000
9406,2699.000
9407,2543.500
9408,1865.000
9409,1683.000
9410,1582.000
9411,1662.000
9412,1876.500
9413,2257.000
9414,2609.500
9415,2807.500
9416,3038.500
9417,3045.500
9418,3173.000
9419,3159.500
9420,2728.500
9421,2535.500
9422,2455.000
9423,2404.000
9424,2448.500
9425,2419.000
9426,2365.500
9427,2336.000
9428,1905.000
9429,1533.000
9430,1404.000
9431,1543.500
9432,1748.500
9433,2000.500
9434,2587.000
9435,2779.000
9436,3019.500
9437,3255.500
9438,2966.000
9439,3194.500
9440,2847.500
9441,2557.500
9442,2386.000
9443,1863.500
9444,1577.500
9445,1567.500
9446,1666.000
9447,1853.500
9448,2247.500
9449,2492.500
9450,2744.500
9451,2819.500
9452,3089.000
9453,2994.500
9454,2995.500
9455,2731.000
9456,2656.000
9457,2074.000
9458,1636.500
9459,1578.000
9460,1677.500
9461,1848.500
9462,2228.500
9463,2464.500
9464,2839.000
9465,2951.500
9466,3080.000
9467,3038.000
9468,3064.500
9469,2900.000
9470,2476.500
9471,2403.500
9472,1914.000
9473,1559.500
9474,1616.500
9475,1818.000
9476,1958.000
9477,2439.500
9478,2764.000
9479,2931.000
9480,3107.000
9481,3249.500
9482,3378.500
9483,3341.500
9484,3074.000
9485,2505.000
9486,2001.000
9487,1734.000
9488,1559.000
9489,1665.500
9490,2027.500
9491,2481.500
9492,2872.000
9493,2593.500
9494,2962.000
9495,3152.500
9496,3116.000
9497,3217.500
9498,2822.500
9499,2455.000
9500,2340.500
9501,2324.500
9502,2251.500
9503,1661.000
9504,1458.000
9505,1514.500
9506,1777.000
9507,2029.000
9508,2360.500
9509,2615.500
9510,2931.000
9511,3136.000
9512,3077.000
9513,3147.000
9514,2894.500
9515,2675.000
9516,2603.500
9517,1912.500
9518,1777.000
9519,1720.000
9520,1881.500
9521,2275.500
9522,2633.500
9523,2805.500
9524,3015.000
9525,3277.500
9526,3356.000
9527,3201.000
9528,3084.500
9529,2564.000
9530,2476.000
9531,2471.000
9532,1828.500
9533,1658.000
9534,1640.000
9535,1655.000
9536,1948.000
9537,2335.000
9538,2708.500
9539,2903.000
9540,3185.500
9541,3051.500
9542,3066.500
9543,3039.000
9544,2626.000
9545,2395.000
9546,2341.500
9547,2005.000
9548,1637.500
9549,1487.500
9550,1641.500
9551,1815.000
9552,2175.000
9553,2490.000
9554,2680.500
9555,2972.000
9556,3032.000
9557,3084.000
9558,3238.000
9559,3381.500
9560,2749.000
9561,2592.500
9562,2194.000
9563,1782.000
9564,1800.500
9565,1789.000
9566,2301.500
9567,2416.500
9568,2782.000
9569,3053.500
9570,3306.500
9571,3186.500
9572,3235.500
9573,3117.500
9574,2536.000
9575,2387.000
9576,1966.500
9577,1567.000
9578,1554.000
9579,1609.000
9580,1809.000
9581,2274.500
9582,2640.000
9583,2798.000
9584,2898.500
9585,3036.000
9586,3061.500
9587,3045.500
9588,2651.500
9589,2491.500
9590,2308.000
9591,1911.500
9592,1666.500
9593,1654.500
9594,1671.500
9595,1902.500
9596,2271.000
9597,2475.500
9598,2779.500
9599,2952.000
9600,2946.000
9601,3054.000
9602,3021.000
9603,2718.000
9604,2471.000
9605,2019.500
9606,1683.500
9607,1575.000
9608,1614.500
9609,1750.000
9610,2153.000
9611,2456.000
9612,2741.500
9613,2889.500
9614,3040.500
9615,3000.500
9616,2998.000
9617,2785.500
9618,2563.000
9619,2386.500
9620,2021.000
9621,1621.000
9622,1540.000
9623,1559.000
9624,1739.000
9625,2122.500
9626,2434.500
9627,2770.500
9628,2946.000
9629,3078.000
9630,2977.500
9631,3000.500
9632,2737.500
9633,2499.500
9634,2143.000
9635,1694.000
9636,1561.500
9637,1721.500
9638,1812.000
9639,2121.000
9640,2461.000
9641,2703.000
9642,2941.000
9643,3088.000
9644,3045.500
9645,3034.000
9646,2744.000
9647,2425.000
9648,2280.000
9649,1724.500
9650,1552.500
9651,1645.000
9652,1707.500
9653,2082.000
9654,2395.500
9655,2660.000
9656,2948.500
9657,2978.500
9658,3019.000
9659,3046.500
9660,2998.500
9661,2709.500
9662,2459.000
9663,1778.000
9664,1533.000
9665,1634.000
9666,1725.500
9667,1993.500
9668,2411.500
9669,2617.000
9670,2903.000
9671,2902.000
9672,3031.000
9673,3044.500
9674,2938.500
9675,2535.500
9676,2432.500
9677,1849.000
9678,1689.000
9679,1652.000
9680,1702.500
9681,1933.500
9682,2248.500
9683,2631.500
9684,2866.500
9685,2968.000
9686,3160.500
9687,3093.000
9688,3109.000
9689,2855.000
9690,2477.500
9691,1768.500
9692,1579.500
9693,1561.500
9694,1723.500
9695,1995.500
9696,2493.500
9697,2662.500
9698,2782.000
9699,2990.000
9700,2983.000
9701,2938.500
9702,2881.500
9703,2541.000
9704,2178.000
9705,1818.000
9706,1655.000
9707,1740.000
9708,1778.000
9709,2222.000
9710,2522.500
9711,2837.000
9712,2960.500
9713,3009.000
9714,2983.000
9715,2993.500
9716,2896.000
9717,2593.000
9718,2266.000
9719,1545.500
9720,1566.000
9721,1630.500
9722,1823.000
9723,2226.000
9724,2620.000
9725,2781.500
9726,2898.000
9727,3079.000
9728,3131.000
9729,2936.500
9730,2673.000
9731,2480.500
9732,2306.000
9733,1670.500
9734,1542.000
9735,1673.500
9736,1893.500
9737,2051.500
9738,2517.000
9739,2665.000
9740,2927.000
9741,3045.500
9742,2970.000
9743,3042.000
9744,2855.000
9745,2457.500
9746,1966.000
9747,1612.500
9748,1575.500
9749,1667.500
9750,1834.500
9751,2237.500
9752,2475.000
9753,2805.500
9754,2971.500
9755,2982.500
9756,2937.000
9757,3099.000
9758,2618.500
9759,2546.000
9760,2323.500
9761,1664.000
9762,1524.000
9763,1595.500
9764,1835.500
9765,2217.500
9766,2499.500
9767,2687.000
9768,2928.500
9769,2898.500
9770,3051.000
9771,2964.000
9772,2779.000
9773,2530.000
9774,2049.000
9775,1604.500
9776,1560.000
9777,1663.000
9778,1833.000
9779,2326.000
9780,2630.500
9781,2852.500
9782,3013.500
9783,3265.000
9784,3166.000
9785,3101.500
9786,2721.000
9787,2472.000
9788,1747.000
9789,1568.500
9790,1628.500
9791,1786.500
9792,2113.500
9793,2379.000
9794,2646.000
9795,2859.500
9796,2985.000
9797,3088.000
9798,3048.000
9799,3012.000
9800,2582.500
9801,2522.500
9802,2225.000
9803,1773.000
9804,1557.500
9805,1516.500
9806,1766.000
9807,2074.500
9808,2393.000
9809,2717.000
9810,2879.000
9811,2949.000
9812,3024.500
9813,3094.500
9814,2868.500
9815,2443.000
9816,2197.500
9817,1652.500
9818,1538.000
9819,1635.500
9820,1864.500
9821,2121.000
9822,2391.000
9823,2727.500
9824,3011.500
9825,3281.000
9826,3196.500
9827,3039.000
9828,2874.500
9829,2375.500
9830,1793.500
9831,1590.500
9832,1613.000
9833,1734.000
9834,1898.000
9835,2339.500
9836,2655.500
9837,2854.000
9838,3017.500
9839,3044.500
9840,3144.500
9841,3067.000
9842,2562.500
9843,2413.500
9844,2035.000
9845,1641.500
9846,1420.500
9847,1669.000
9848,1829.000
9849,2291.000
9850,2393.000
9851,2689.000
9852,2975.000
9853,2940.000
9854,3054.500
9855,2989.000
9856,2661.500
9857,2439.000
9858,2158.000
9859,1630.500
9860,1561.500
9861,1570.000
9862,1822.000
9863,2213.500
9864,2584.000
9865,2830.500
9866,2911.500
9867,3084.000
9868,3111.000
9869,3019.000
9870,2803.000
9871,2477.500
9872,1962.000
9873,1635.500
9874,1489.500
9875,1695.000
9876,1896.500
9877,2290.000
9878,2552.500
9879,2861.500
9880,2991.000
9881,3157.000
9882,3270.000
9883,3262.500
9884,2776.500
9885,2514.500
9886,2159.000
9887,1636.500
9888,1487.500
9889,1594.000
9890,1772.000
9891,1978.500
9892,2434.500
9893,2806.500
9894,2894.500
9895,2967.500
9896,3054.000
9897,3052.500
9898,2824.500
9899,2448.500
9900,2383.500
9901,1817.000
9902,1522.500
9903,1594.500
9904,1609.000
9905,1918.000
9906,2362.500
9907,2646.500
9908,2832.500
9909,3064.000
9910,3190.500
9911,3089.500
9912,3044.500
9913,2688.500
9914,2409.500
9915,1708.000
9916,1491.500
9917,1572.000
9918,1804.000
9919,1986.000
9920,2379.500
9921,2650.500
9922,2819.500
9923,3010.500
9924,3011.500
9925,3137.000
9926,2903.000
9927,2582.500
9928,2429.000
9929,2184.000
9930,1719.500
9931,1495.500
9932,1616.000
9933,1862.000
9934,2295.500
9935,2512.500
9936,2805.000
9937,2996.500
9938,3131.000
9939,3021.500
9940,3095.000
9941,2908.000
9942,2443.500
9943,2199.500
9944,1705.500
9945,1606.500
9946,1629.500
9947,1730.000
9948,1961.000
9949,2464.500
9950,2671.000
9951,3063.500
9952,3243.000
9953,3197.500
9954,3225.000
9955,3010.000
9956,2547.000
9957,2079.000
9958,1642.500
9959,1575.000
9960,1523.500
9961,1788.000
9962,2230.000
9963,2475.500
9964,2796.500
9965,2922.000
9966,3087.000
9967,3026.500
9968,3169.000
9969,2813.000
9970,2409.500
9971,2440.500
9972,1961.000
9973,1627.500
9974,1514.500
9975,1635.000
9976,1907.000
9977,2304.000
9978,2577.500
9979,2871.000
9980,2881.500
9981,3054.500
9982,2967.500
9983,2974.000
9984,2632.500
9985,2294.500
9986,2236.500
9987,1840.000
9988,1572.500
9989,1578.000
9990,1633.500
9991,1845.000
9992,2304.500
9993,2619.500
9994,2895.500
9995,3195.500
9996,3268.000
9997,3130.500
9998,2954.000
9999,2679.500
10000,2054.500
10001,1548.500
10002,1599.000
10003,1660.500
10004,1897.500
10005,2249.000
10006,2563.500
10007,2733.500
10008,2943.000
10009,2977.500
10010,3098.500
10011,3054.000
10012,2748.500
10013,2503.000
10014,2400.000
10015,2261.500
10016,1736.500
10017,1597.500
10018,1577.000
10019,1567.500
10020,1843.000
10021,2238.000
10022,2589.500
10023,2836.500
10024,2942.000
10025,2913.500
10026,3066.000
10027,2934.500
10028,2708.000
10029,2371.500
10030,2278.000
10031,1741.000
10032,1486.000
10033,1659.500
10034,1769.500
10035,1957.000
10036,2413.500
10037,2778.000
10038,2878.500
10039,3097.000
10040,3060.500
10041,3073.500
10042,2843.000
10043,2666.500
10044,2350.500
10045,2249.000
10046,1873.000
10047,1496.500
10048,1525.500
10049,1574.000
10050,1791.000
10051,2214.000
10052,2375.000
10053,2759.500
10054,3063.000
10055,3185.500
10056,3198.500
10057,3149.000
10058,2640.000
10059,2420.500
10060,1801.500
10061,1604.000
10062,1532.000
10063,1689.500
10064,1895.500
10065,2377.000
10066,2550.500
10067,2842.000
10068,2963.000
10069,3152.500
10070,3056.500
10071,3026.500
10072,2663.500
10073,2395.000
10074,2177.000
10075,1658.000
10076,1545.000
10077,1579.000
10078,1738.500
10079,2105.500
10080,2492.500
10081,2703.000
10082,2958.500
10083,3086.500
10084,2948.500
10085,2988.000
10086,2868.500
10087,2541.000
10088,2215.000
10089,1555.500
10090,1461.000
10091,1661.000
10092,1745.500
10093,2111.500
10094,2440.000
10095,2648.000
10096,2950.000
10097,3147.000
10098,3244.000
10099,3136.000
10100,2995.500
10101,2508.000
10102,1892.500
10103,1610.500
10104,1555.500
10105,1681.500
10106,2029.500
10107,2304.000
10108,2526.500
10109,2747.500
10110,3055.500
10111,3031.000
10112,3092.000
10113,3239.000
10114,2703.500
10115,2635.000
10116,2086.500
10117,1591.500
10118,1558.500
10119,1735.500
10120,1893.500
10121,2192.000
10122,2542.000
10123,2963.500
10124,3067.500
10125,3059.500
10126,3060.000
10127,3044.000
10128,3073.000
10129,2436.500
10130,1866.000
10131,1565.000
10132,1586.000
10133,1712.500
10134,1862.500
10135,2357.000
10136,2692.500
10137,2864.500
10138,3037.000
10139,3025.000
10140,3039.500
10141,2960.500
10142,2679.000
10143,2553.000
10144,2510.500
10145,2302.500
10146,2286.000
10147,2092.000
10148,1673.000
10149,1451.500
10150,1476.000
10151,1685.000
10152,1976.000
10153,2374.500
10154,2618.500
10155,2818.000
10156,3044.000
10157,3108.000
10158,3044.500
10159,2931.500
10160,2594.000
10161,2515.500
10162,1966.500
10163,1615.000
10164,1580.000
10165,1636.000
10166,1881.000
10167,2238.000
10168,2481.500
10169,2748.500
10170,2922.000
10171,2990.000
10172,2949.500
10173,2960.000
10174,2759.000
10175,2462.000
10176,1834.500
10177,1565.500
10178,1644.000
10179,1708.000
10180,2024.000
10181,2329.000
10182,2606.000
10183,2825.000
10184,2961.000
10185,3099.500
10186,3093.500
10187,3029.000
10188,2655.500
10189,2520.500
10190,2334.000
10191,1677.500
10192,1420.000
10193,1551.500
10194,1803.500
10195,1995.500
10196,2400.000
10197,2713.500
10198,2812.000
10199,3054.000
10200,3020.000
10201,2974.000
10202,3024.500
10203,2628.500
10204,2413.500
10205,2145.000
10206,1563.000
10207,1493.000
10208,1579.500
10209,1844.000
10210,2039.500
10211,2548.000
10212,2718.000
10213,2909.500
10214,2975.000
10215,2886.000
10216,2954.500
10217,2865.500
10218,2572.500
10219,2079.500
10220,1628.000
10221,1557.500
10222,1569.500
10223,1785.000
10224,2142.000
10225,2510.500
10226,2660.500
10227,2936.500
10228,3183.000
10229,3151.500
10230,3120.000
10231,2897.500
10232,2550.000
10233,2156.000
10234,1614.500
10235,1632.500
10236,1590.500
10237,1781.500
10238,2046.500
10239,2497.500
10240,2823.500
10241,2856.000
10242,3029.000
10243,3052.000
10244,3016.500
10245,2967.000
10246,2495.000
10247,2494.000
10248,2212.000
10249,1569.500
10250,1534.500
10251,1576.500
10252,1773.500
10253,2038.000
10254,2359.000
10255,2790.500
10256,2835.500
10257,3032.000
10258,2987.000
10259,3116.500
10260,2865.000
10261,2479.000
10262,2247.500
10263,1797.000
10264,1480.500
10265,1551.500
10266,1639.000
10267,1891.000
10268,2441.000
10269,2605.000
10270,2742.000
10271,2939.500
10272,2992.500
10273,3010.000
10274,2940.500
10275,2536.500
10276,2440.000
10277,2247.500
10278,1882.500
10279,1574.000
10280,1573.500
10281,1571.000
10282,2021.000
10283,2376.000
10284,2699.000
10285,2797.000
10286,2810.000
10287,2910.000
10288,3093.500
10289,2961.500
10290,2715.000
10291,2280.500
10292,1868.000
10293,1546.500
10294,1543.000
10295,1638.500
10296,1843.000
10297,2182.000
10298,2488.500
10299,2823.000
10300,3152.000
10301,3110.500
10302,3015.500
10303,2989.000
10304,2728.500
10305,2447.500
10306,2017.000
10307,1574.500
10308,1515.500
10309,1630.500
10310,1745.000
10311,2127.000
10312,2392.500
10313,2684.500
10314,2847.500
10315,2953.000
10316,3112.500
10317,2988.500
10318,2768.000
10319,2545.500
10320,2409.500
10321,2236.500
10322,2218.000
10323,1550.500
10324,1518.000
10325,1603.000
10326,1670.500
10327,2001.000
10328,2394.500
10329,2643.000
10330,2942.000
10331,2962.000
10332,3050.500
10333,3041.000
10334,2949.500
10335,2443.000
10336,2264.500
10337,1780.000
10338,1583.500
10339,1623.000
10340,1715.500
10341,1990.000
10342,2309.500
10343,2662.000
10344,2850.500
10345,2990.000
10346,2990.500
10347,3053.500
10348,2988.000
10349,2715.500
10350,2372.000
10351,2085.000
10352,1659.500
10353,1536.500
10354,1574.500
10355,1686.500
10356,2110.000
10357,2448.500
10358,2658.500
10359,2873.500
10360,3133.500
10361,3157.500
10362,3154.500
10363,2988.500
10364,2631.000
10365,2270.500
10366,1790.000
10367,1503.500
10368,1560.000
10369,1568.500
10370,1927.000
10371,2333.500
10372,2647.000
10373,2885.500
10374,3002.500
10375,3078.500
10376,2929.500
10377,2926.000
10378,2644.000
10379,2457.000
10380,2239.000
10381,1738.000
10382,1610.000
10383,1650.500
10384,1780.000
10385,2022.000
10386,2412.500
10387,2619.500
10388,2892.500
10389,2972.500
10390,2962.500
10391,3051.000
10392,2943.000
10393,2477.500
10394,2270.500
10395,1694.500
10396,1543.500
10397,1660.500
10398,1716.500
10399,2080.500
10400,2518.000
10401,2859.500
10402,2850.000
10403,2993.500
10404,2992.500
10405,3031.500
10406,2976.500
10407,2584.500
10408,2380.000
10409,1822.000
10410,1546.500
10411,1613.000
10412,1617.000
10413,1998.500
10414,2380.000
10415,2609.500
10416,2914.000
10417,3171.000
10418,3144.000
10419,2896.000
10420,3061.500
10421,2695.500
10422,2417.500
10423,1908.000
10424,1604.500
10425,1592.500
10426,1532.500
10427,1812.500
10428,2207.500
10429,2484.500
10430,2689.000
10431,2992.500
10432,3060.000
10433,3133.000
10434,3018.000
10435,2834.500
10436,2603.500
10437,2334.000
10438,1769.000
10439,1454.500
10440,1550.000
10441,1588.000
10442,1865.500
10443,2299.000
10444,2542.500
10445,2749.000
10446,3042.000
10447,2962.000
10448,3029.000
10449,2947.000
10450,2662.500
10451,2308.000
10452,1977.500
10453,1527.500
10454,1598.500
10455,1655.500
10456,1900.000
10457,2227.500
10458,2448.500
10459,2719.000
10460,2942.000
10461,2958.500
10462,3021.500
10463,2955.500
10464,2716.500
10465,2355.000
10466,1832.000
10467,1558.500
10468,1628.000
10469,1642.500
10470,2020.000
10471,2345.500
10472,2723.000
10473,2784.000
10474,2898.000
10475,3082.000
10476,3046.000
10477,2885.500
10478,2703.500
10479,2311.000
10480,2109.000
10481,1685.500
10482,1525.000
10483,1583.500
10484,1696.500
10485,1995.000
10486,2451.000
10487,2747.000
10488,3002.000
10489,3109.000
10490,2951.000
10491,2944.500
10492,2748.500
10493,2617.000
10494,2237.500
10495,1632.000
10496,1545.500
10497,1577.000
10498,1599.500
10499,2031.000
10500,2387.500
10501,2605.500
10502,2738.500
10503,3050.000
10504,3045.000
10505,3126.000
10506,3016.000
10507,2537.000
10508,2315.500
10509,1811.500
10510,1533.000
10511,1538.500
10512,1689.500
10513,1875.500
10514,2184.500
10515,2574.500
10516,2843.000
10517,2813.000
10518,2970.000
10519,2949.000
10520,2988.500
10521,2676.000
10522,2356.000
10523,2272.500
10524,1686.500
10525,1652.000
10526,1653.500
10527,1711.000
10528,1963.000
10529,2340.000
10530,2634.500
10531,2768.500
10532,2894.000
10533,2942.000
10534,2873.500
10535,2768.500
10536,2563.000
10537,2255.500
10538,1743.500
10539,1602.000
10540,1589.500
10541,1669.000
10542,2005.500
10543,2263.000
10544,2705.500
10545,2891.500
10546,3064.500
10547,2986.500
10548,3027.500
10549,3038.000
10550,2660.000
10551,2120.500
10552,1650.000
10553,1513.500
10554,1581.500
10555,1928.500
10556,2101.500
10557,2538.500
10558,2720.000
10559,2946.500
10560,3213.500
10561,3095.000
10562,3159.500
10563,2885.500
10564,2508.000
10565,2108.000
10566,1571.500
10567,1558.000
10568,1565.000
10569,1816.500
10570,2103.500
10571,2604.000
10572,2776.000
10573,2922.000
10574,2963.000
10575,2997.000
10576,2932.000
10577,2832.500
10578,2547.500
10579,2362.000
10580,2006.500
10581,1579.500
10582,1507.000
10583,1585.500
10584,1818.000
10585,2118.500
10586,2423.500
10587,2714.000
10588,2867.000
10589,3054.500
10590,2836.500
10591,2954.000
10592,2743.500
10593,2501.000
10594,2287.500
10595,2230.500
10596,2236.500
10597,1581.500
10598,1557.500
10599,1600.000
10600,1676.000
10601,2037.500
10602,2451.000
10603,2602.000
10604,2853.000
10605,2941.500
10606,3041.000
10607,2902.500
10608,2956.500
10609,2498.500
10610,2252.500
10611,1926.000
10612,1575.000
10613,1514.500
10614,1631.000
10615,1872.500
10616,2312.500
10617,2709.500
10618,2821.000
10619,2942.000
10620,3019.500
10621,2961.500
10622,2895.500
10623,2797.500
10624,2292.500
10625,1691.500
10626,1618.500
10627,1591.000
10628,1735.500
10629,2082.500
10630,2461.000
10631,2725.000
10632,2832.000
10633,3046.500
10634,3097.500
10635,3037.500
10636,2956.000
10637,2610.000
10638,2514.500
10639,2445.500
10640,1766.500
10641,1479.500
10642,1513.500
10643,1654.000
10644,1841.000
10645,2254.500
10646,2537.000
10647,2693.000
10648,2976.000
10649,2998.500
10650,2952.000
10651,3055.500
10652,2612.500
10653,2420.500
10654,2352.000
10655,2232.500
10656,1788.000
10657,1520.500
10658,1492.500
10659,1547.000
10660,1787.500
10661,2123.500
10662,2460.500
10663,2696.500
10664,2831.000
10665,2920.000
10666,3020.000
10667,2871.500
10668,2781.000
10669,2461.000
10670,2469.000
10671,2106.500
10672,1835.000
10673,1607.000
10674,1558.000
10675,1655.500
10676,1979.500
10677,2264.500
10678,2433.500
10679,2763.500
10680,2787.000
10681,2985.500
10682,2952.000
10683,2897.500
10684,2672.000
10685,2329.500
10686,2025.500
10687,1538.500
10688,1577.000
10689,1607.500
10690,1703.000
10691,2158.500
10692,2509.500
10693,2693.500
10694,2912.000
10695,3053.000
10696,3078.000
10697,3013.000
10698,2840.000
10699,2556.000
10700,2501.000
10701,1974.500
10702,1548.000
10703,1515.000
10704,1626.500
10705,1821.500
10706,2169.000
10707,2444.500
10708,2689.000
10709,2885.000
10710,3030.000
10711,2982.500
10712,3079.000
10713,2862.000
10714,2501.000
10715,1994.000
10716,1556.500
10717,1519.000
10718,1587.500
10719,1847.000
10720,2210.500
10721,2468.000
10722,2716.000
10723,2908.000
10724,3098.000
10725,3037.000
10726,2954.500
10727,2651.500
10728,2511.500
10729,2400.500
10730,2273.000
10731,2131.000
10732,1641.000
10733,1454.500
10734,1500.000
10735,1645.500
10736,1938.000
10737,2265.500
10738,2623.500
10739,2757.000
10740,2924.000
10741,3014.500
10742,2969.000
10743,2895.000
10744,2685.500
10745,2257.500
10746,1916.500
10747,1696.000
10748,1606.000
10749,1692.500
10750,1834.000
10751,2133.500
10752,2409.000
10753,2690.000
10754,2852.000
10755,3054.000
10756,2937.500
10757,2968.000
10758,2760.500
10759,2483.000
10760,2286.500
10761,1834.000
10762,1555.500
10763,1609.000
10764,1581.500
10765,1855.000
10766,2221.500
10767,2500.500
10768,2781.500
10769,2895.500
10770,2934.000
10771,2945.000
10772,2901.500
10773,2710.000
10774,2376.500
10775,2148.000
10776,1742.500
10777,1529.000
10778,1481.500
10779,1613.000
10780,2030.000
10781,2460.000
10782,2619.500
10783,2912.500
10784,2962.000
10785,3089.000
10786,3097.500
10787,2912.500
10788,2617.500
10789,2343.500
10790,2062.500
10791,1564.500
10792,1548.500
10793,1587.500
10794,1697.000
10795,2023.000
10796,2430.500
10797,2658.000
10798,3009.500
10799,3087.500
10800,2947.000
10801,3014.000
10802,2879.500
10803,2469.000
10804,1891.500
10805,1588.500
10806,1503.000
10807,1628.000
10808,1977.500
10809,2212.000
10810,2517.000
10811,2857.500
10812,2974.000
10813,2941.500
10814,3042.000
10815,2915.500
10816,2677.000
10817,2420.000
10818,2094.000
10819,1670.500
10820,1486.500
10821,1560.000
10822,1642.000
10823,1945.000
10824,2401.500
10825,2529.500
10826,2694.000
10827,2891.500
10828,2958.000
10829,2941.000
10830,2850.500
10831,2583.500
10832,2340.500
10833,1965.500
10834,1630.000
10835,1612.500
10836,1610.500
10837,1850.500
10838,2103.500
10839,2470.500
10840,2753.000
10841,2859.500
10842,2936.000
10843,2924.500
10844,2967.500
10845,2797.500
10846,2381.500
10847,2265.500
10848,1761.000
10849,1539.500
10850,1562.500
10851,1679.000
10852,1930.500
10853,2375.000
10854,2621.500
10855,2823.500
10856,2868.000
10857,2899.500
10858,2909.000
10859,3015.000
10860,2629.500
10861,2364.000
10862,2370.500
10863,1964.500
10864,1551.500
10865,1593.000
10866,1675.000
10867,1878.500
10868,2193.500
10869,2424.500
10870,2562.000
10871,2824.000
10872,2983.500
10873,2849.500
10874,2922.000
10875,2667.000
10876,2425.500
10877,2218.000
10878,1760.000
10879,1531.000
10880,1489.000
10881,1702.500
10882,1906.500
10883,2319.000
10884,2539.500
10885,2771.000
10886,2871.500
10887,3092.500
10888,2940.500
10889,2932.500
10890,2692.000
10891,2287.500
10892,1872.000
10893,1590.500
10894,1485.000
10895,1561.500
10896,1818.500
10897,2130.500
10898,2564.500
10899,2778.000
10900,2886.500
10901,3154.000
10902,2909.500
10903,2977.000
10904,2789.500
10905,2444.500
10906,1993.500
10907,1567.500
10908,1506.500
10909,1629.000
10910,1853.500
10911,2139.500
10912,2546.500
10913,2748.500
10914,3057.500
10915,3088.000
10916,3066.000
10917,2994.000
10918,2705.000
10919,2369.500
10920,1963.000
10921,1500.500
10922,1510.500
10923,1634.000
10924,1793.500
10925,2212.000
10926,2645.000
10927,2813.500
10928,3147.500
10929,3089.500
10930,3219.000
10931,2965.500
10932,3004.500
10933,2697.000
10934,2255.000
10935,1645.000
10936,1577.500
10937,1570.500
10938,1716.500
10939,2047.000
10940,2334.000
10941,2555.000
10942,2722.000
10943,2850.000
10944,2919.500
10945,2912.500
10946,2767.500
10947,2461.000
10948,2228.000
10949,1645.500
10950,1503.500
10951,1620.500
10952,1723.500
10953,2053.500
10954,2339.500
10955,2569.500
10956,3168.500
10957,3400.500
10958,3745.500
10959,3163.000
10960,2724.500
10961,2786.500
10962,2687.000
10963,2510.000
10964,2475.500
10965,2364.000
10966,2417.500
10967,2280.500
10968,2434.000
10969,2320.500
10970,1950.000
10971,1563.000
10972,1435.500
10973,1485.000
10974,1674.000
10975,1945.500
10976,2493.000
10977,2711.000
10978,2958.000
10979,3095.500
10980,3085.500
10981,3091.500
10982,2851.500
10983,2490.500
10984,2453.500
10985,1708.000
10986,1580.500
10987,1528.500
10988,1684.000
10989,2016.000
10990,2285.500
10991,2525.000
10992,2680.000
10993,2947.000
10994,2945.000
10995,2938.000
10996,2983.500
10997,2735.500
10998,2521.000
10999,2431.500
11000,1951.500
11001,1543.000
11002,1502.500
11003,1621.000
11004,1746.000
11005,2245.000
11006,2510.000
11007,2749.000
11008,2985.000
11009,3046.500
11010,2916.000
11011,2980.000
11012,2823.500
11013,2620.000
11014,2222.500
11015,1740.000
11016,1477.500
11017,1627.500
11018,1669.000
11019,1965.500
11020,2363.500
11021,2622.000
11022,2800.500
11023,2929.500
11024,2967.000
11025,2976.500
11026,2977.000
11027,2768.000
11028,2354.000
11029,1973.000
11030,1599.000
11031,1506.500
11032,1609.500
11033,1891.000
11034,2173.000
11035,2523.500
11036,2744.000
11037,2972.000
11038,3107.500
11039,2944.000
11040,2905.000
11041,2679.500
11042,2491.500
11043,2281.500
11044,1854.000
11045,1503.000
11046,1514.000
11047,1557.500
11048,1859.500
11049,2167.000
11050,2502.000
11051,2935.000
11052,3001.000
11053,3206.000
11054,2975.500
11055,3032.000
11056,2763.500
11057,2487.500
11058,1689.000
11059,1604.000
11060,1557.000
11061,1702.000
11062,2020.000
11063,2345.000
11064,2669.500
11065,2808.000
11066,3056.500
11067,2833.500
11068,2991.500
11069,2886.000
11070,2629.500
11071,2470.000
11072,1999.500
11073,1578.000
11074,1478.000
11075,1594.000
11076,1760.500
11077,2258.000
11078,2475.500
11079,2767.500
11080,3056.000
11081,3251.500
11082,3242.500
11083,3069.500
11084,2881.500
11085,2584.000
11086,1921.000
11087,1531.000
11088,1522.000
11089,1597.000
11090,1912.000
11091,2313.000
11092,2563.500
11093,2730.500
11094,2938.000
11095,3034.500
11096,2974.000
11097,2941.000
11098,2711.000
11099,2622.000
11100,2173.500
11101,1569.000
11102,1593.500
11103,1664.000
11104,1762.500
11105,2006.000
11106,2391.500
11107,2713.500
11108,2914.500
11109,3091.500
11110,2897.500
11111,2912.500
11112,2878.000
11113,2598.000
11114,2022.500
11115,1541.000
11116,1487.500
11117,1581.500
11118,1869.500
11119,2191.500
11120,2481.500
11121,2768.500
11122,3137.500
11123,3179.000
11124,3181.000
11125,2999.500
11126,2815.500
11127,2564.000
11128,1929.500
11129,1548.000
11130,1509.000
11131,1579.500
11132,1952.500
11133,2162.000
11134,2556.000
11135,2657.000
11136,3010.000
11137,3086.000
11138,2974.500
11139,2947.000
11140,2809.000
11141,2497.000
11142,2328.500
11143,2415.000
11144,1924.500
11145,1454.000
11146,1481.000
11147,1567.500
11148,1752.500
11149,2138.500
11150,2383.000
11151,2669.000
11152,2814.500
11153,2962.000
11154,2852.000
11155,2926.000
11156,2826.000
11157,2591.500
11158,2263.000
11159,1780.000
11160,1470.500
11161,1485.500
11162,1685.500
11163,2206.000
11164,2432.500
11165,2844.500
11166,3158.000
11167,3251.000
11168,2949.000
11169,3009.500
11170,2847.000
11171,2321.500
11172,1703.000
11173,1522.000
11174,1557.000
11175,1742.000
11176,2054.000
11177,2345.500
11178,2712.500
11179,2788.500
11180,3071.500
11181,3193.000
11182,3132.500
11183,3157.000
11184,2683.000
11185,2376.500
11186,1588.000
11187,1447.000
11188,1522.500
11189,1724.000
11190,2042.500
11191,2386.000
11192,2693.500
11193,3019.000
11194,3127.000
11195,2882.000
11196,3065.500
11197,2905.000
11198,2636.000
11199,2406.000
11200,1775.500
11201,1583.500
11202,1495.500
11203,1674.000
11204,1993.500
11205,2336.000
11206,2653.500
11207,2872.500
11208,3071.000
11209,3043.500
11210,2811.000
11211,2988.000
11212,2651.000
11213,2195.000
11214,1731.000
11215,1492.500
11216,1575.000
11217,1753.000
11218,2104.000
11219,2446.500
11220,2726.000
11221,3045.500
11222,3067.000
11223,2988.000
11224,2898.000
11225,3127.500
11226,2529.000
11227,1851.500
11228,1511.000
11229,1485.500
11230,1664.500
11231,1962.500
11232,2343.000
11233,2658.000
11234,2883.000
11235,3054.000
11236,2971.500
11237,2938.000
11238,3097.000
11239,2776.500
11240,2506.500
11241,2251.500
11242,1650.000
11243,1550.000
11244,1552.000
11245,1720.000
11246,2114.500
11247,2443.500
11248,2745.000
11249,2955.500
11250,3088.500
11251,3052.000
11252,3054.500
11253,2881.000
11254,2653.000
11255,2328.500
11256,1893.000
11257,1519.500
11258,1527.000
11259,1717.000
11260,1941.000
11261,2390.000
11262,2581.500
11263,3045.000
11264,3079.000
11265,3087.000
11266,3007.000
11267,3109.500
11268,2775.000
11269,2380.500
11270,1728.500
11271,1473.500
11272,1558.500
11273,1688.000
11274,2006.000
11275,2470.500
11276,2620.000
11277,2915.000
11278,3119.500
11279,3000.000
11280,2958.000
11281,3065.000
11282,2669.500
11283,2595.000
11284,2209.000
11285,1694.500
11286,1521.500
11287,1474.500
11288,1739.500
11289,1963.500
11290,2443.500
11291,2709.500
11292,2924.000
11293,3009.500
11294,2939.000
11295,2992.500
11296,2989.500
11297,2703.000
11298,2157.000
11299,1621.000
11300,1511.000
11301,1620.500
11302,1788.500
11303,2229.500
11304,2656.000
11305,2785.000
11306,3036.000
11307,3155.500
11308,3021.500
11309,3087.000
11310,2824.000
11311,2593.500
11312,2095.500
11313,1547.000
11314,1523.500
11315,1625.000
11316,1754.000
11317,2022.000
11318,2592.500
11319,2866.500
11320,2977.500
11321,3056.500
11322,2967.000
11323,3184.500
11324,3087.000
11325,2608.000
11326,2380.500
11327,1666.500
11328,1584.000
11329,1529.500
11330,1657.500
11331,2007.000
11332,2436.000
11333,2642.000
11334,2741.000
11335,3092.000
11336,2885.000
11337,3007.500
11338,3008.000
11339,2679.500
11340,2506.000
11341,2221.000
11342,1609.500
11343,1457.000
11344,1521.500
11345,1711.000
11346,1930.500
11347,2464.500
11348,2786.500
11349,2954.500
11350,3172.000
11351,3288.500
11352,3314.000
11353,3060.000
11354,2650.500
11355,2074.500
11356,1554.500
11357,1518.500
11358,1573.000
11359,1857.000
11360,2223.000
11361,2483.500
11362,2819.500
11363,2998.000
11364,3136.500
11365,2956.000
11366,3018.000
11367,2858.500
11368,2566.000
11369,2440.500
11370,1784.000
11371,1610.500
11372,1505.500
11373,1545.000
11374,2017.000
11375,2280.000
11376,2691.000
11377,2922.000
11378,3182.000
11379,3231.000
11380,2966.500
11381,3084.000
11382,2709.000
11383,2233.500
11384,1577.500
11385,1604.500
11386,1695.000
11387,1873.500
11388,2253.500
11389,2504.500
11390,2788.000
11391,2943.000
11392,3117.000
11393,3114.000
11394,3170.500
11395,2906.000
11396,2656.500
11397,2383.500
11398,1786.000
11399,1533.000
11400,1586.500
11401,1671.500
11402,1959.500
11403,2359.500
11404,2634.000
11405,2830.000
11406,3142.000
11407,3112.000
11408,3004.000
11409,2943.000
11410,2629.000
11411,2422.000
11412,2157.500
11413,1650.500
11414,1545.500
11415,1534.500
11416,1793.000
11417,2196.500
11418,2526.500
11419,2801.000
11420,3164.500
11421,3312.500
11422,3241.000
11423,3057.000
11424,2864.000
11425,2543.000
11426,1943.500
11427,1563.000
11428,1588.500
11429,1700.000
11430,2023.500
11431,2447.500
11432,2594.000
11433,2885.000
11434,3060.500
11435,3106.000
11436,3096.000
11437,3096.500
11438,2696.000
11439,2394.500
11440,2197.000
11441,1588.000
11442,1519.000
11443,1586.000
11444,1806.500
11445,2005.000
11446,2465.000
11447,2729.000
11448,2983.000
11449,3040.500
11450,3128.500
11451,3169.000
11452,3080.500
11453,2560.000
11454,2222.000
11455,1614.500
11456,1499.500
11457,1584.000
11458,1789.500
11459,2146.500
11460,2369.500
11461,2725.000
11462,2976.500
11463,3035.000
11464,2963.500
11465,3014.000
11466,2913.000
11467,2545.000
11468,2366.500
11469,2245.000
11470,1755.500
11471,1543.500
11472,1447.500
11473,1669.500
11474,2033.000
11475,2312.500
11476,2595.500
11477,2940.000
11478,2995.500
11479,3000.000
11480,3007.500
11481,3056.500
11482,2865.000
11483,2539.500
11484,2142.500
11485,1589.000
11486,1535.500
11487,1549.000
11488,1807.000
11489,1935.500
11490,2411.000
11491,2737.000
11492,2939.500
11493,3035.500
11494,3017.000
11495,3071.500
11496,2952.500
11497,2703.000
11498,2536.500
11499,2044.000
11500,1549.500
11501,1528.500
11502,1609.000
11503,1774.000
11504,2128.000
11505,2473.500
11506,2720.500
11507,2785.000
11508,3040.000
11509,2985.500
11510,2979.000
11511,2937.500
11512,2563.500
11513,2395.500
11514,2128.000
11515,1548.000
11516,1448.000
11517,1622.500
11518,1711.500
11519,2125.000
11520,2395.500
11521,2724.500
11522,2963.000
11523,3168.000
11524,3036.000
11525,3008.500
11526,2909.000
11527,2733.500
11528,2554.000
11529,2095.500
11530,1588.500
11531,1553.000
11532,1516.500
11533,1718.000
11534,1992.500
11535,2440.000
11536,2689.000
11537,2918.500
11538,3121.000
11539,2944.000
11540,2988.000
11541,2871.000
11542,2564.000
11543,2389.500
11544,1917.000
11545,1567.500
11546,1479.500
11547,1693.000
11548,1874.500
11549,2284.500
11550,2599.000
11551,2807.500
11552,3073.500
11553,3136.000
11554,2932.000
11555,3094.000
11556,2835.000
11557,2428.500
11558,2178.000
11559,1597.500
11560,1521.500
11561,1561.500
11562,1745.500
11563,2055.500
11564,2380.500
11565,2645.500
11566,2966.500
11567,3357.500
11568,3222.000
11569,3042.000
11570,2862.000
11571,2661.000
11572,2400.000
11573,1825.000
11574,1483.500
11575,1598.500
11576,1692.000
11577,1901.500
11578,2363.000
11579,2673.000
11580,2846.000
11581,2945.000
11582,3074.000
11583,2998.000
11584,3058.500
11585,2787.500
11586,2453.500
11587,2447.500
11588,2314.000
11589,2461.500
11590,2000.500
11591,1566.000
11592,1479.500
11593,1572.500
11594,1791.000
11595,2045.000
11596,2401.500
11597,2667.000
11598,2953.000
11599,3030.500
11600,3037.000
11601,3039.000
11602,2968.000
11603,2601.500
11604,2473.500
11605,1967.000
11606,1488.000
11607,1548.500
11608,1780.000
11609,1917.000
11610,2228.000
11611,2557.000
11612,2855.000
11613,3120.500
11614,3071.500
11615,3004.500
11616,3071.500
11617,2658.500
11618,2492.000
11619,2430.000
11620,2008.500
11621,1594.500
11622,1587.500
11623,1600.500
11624,1783.500
11625,2290.500
11626,2402.000
11627,2664.000
11628,2864.500
11629,3162.500
11630,3142.000
11631,3015.000
11632,2791.500
11633,2514.500
11634,2512.500
11635,2135.000
11636,1569.000
11637,1487.500
11638,1550.000
11639,1802.500
11640,2205.000
11641,2362.000
11642,2725.000
11643,2998.500
11644,3185.000
11645,3134.000
11646,3118.500
11647,3035.500
11648,2614.000
11649,2215.000
11650,1584.000
11651,1506.000
11652,1594.500
11653,1737.500
11654,2046.000
11655,2405.500
11656,2769.000
11657,2923.000
11658,3042.000
11659,3008.000
11660,3032.500
11661,2934.500
11662,2691.000
11663,2498.500
11664,2344.000
11665,2405.500
11666,2323.000
11667,2180.500
11668,1610.000
11669,1513.000
11670,1515.500
11671,1664.000
11672,2053.000
11673,2347.000
11674,2689.500
11675,2952.000
11676,2991.500
11677,3066.000
11678,2979.000
11679,2986.500
11680,2684.500
11681,2415.500
11682,1632.000
11683,1460.000
11684,1551.000
11685,1775.000
11686,2117.000
11687,2406.000
11688,2684.000
11689,2978.000
11690,3146.000
11691,3042.500
11692,2976.500
11693,3051.000
11694,2665.000
11695,2560.500
11696,2333.000
11697,1703.500
11698,1420.000
11699,1572.000
11700,1608.000
11701,1940.500
11702,2274.500
11703,2561.000
11704,2925.000
11705,3019.000
11706,3071.500
11707,2969.500
11708,3140.000
11709,2751.500
11710,2386.000
11711,1748.000
11712,1490.000
11713,1527.500
11714,1679.500
11715,1844.000
11716,2247.000
11717,2652.500
11718,2807.000
11719,3026.500
11720,3005.500
11721,3016.000
11722,3020.000
11723,2723.000
11724,2515.500
11725,2309.000
11726,1718.500
11727,1538.500
11728,1573.500
11729,1660.500
11730,1944.500
11731,2254.500
11732,2633.500
11733,2772.500
11734,3011.000
11735,3060.000
11736,2947.000
11737,3117.500
11738,2724.000
11739,2387.500
11740,2392.500
11741,1930.000
11742,1616.500
11743,1539.000
11744,1624.000
11745,1737.500
11746,2057.500
11747,2579.500
11748,2763.500
11749,2901.000
11750,3073.000
11751,2994.500
11752,2988.500
11753,2862.500
11754,2451.500
11755,2487.000
11756,2366.500
11757,1758.500
11758,1404.500
11759,1485.500
11760,1693.000
11761,1846.000
11762,2182.000
11763,2597.000
11764,2760.000
11765,3007.500
11766,3072.000
11767,2980.000
11768,3105.000
11769,2693.000
11770,2467.500
11771,2380.500
11772,1755.500
11773,1485.000
11774,1540.000
11775,1667.500
11776,1917.500
11777,2205.500
11778,2698.000
11779,2841.000
11780,3293.000
11781,3201.500
11782,3224.500
11783,2968.000
11784,2555.000
11785,2394.500
11786,1647.000
11787,1484.500
11788,1528.000
11789,1744.000
11790,2071.000
11791,2448.500
11792,2803.000
11793,2982.500
11794,3089.000
11795,3069.000
11796,3111.500
11797,2995.500
11798,2678.500
11799,2587.000
11800,2300.000
11801,1727.000
11802,1569.500
11803,1587.000
11804,1724.500
11805,2058.500
11806,2265.000
11807,2676.000
11808,2846.500
11809,2981.500
11810,2936.500
11811,2996.500
11812,2999.500
11813,2758.500
11814,2473.500
11815,2085.500
11816,1611.500
11817,1486.000
11818,1634.500
11819,1787.000
11820,2198.500
11821,2526.000
11822,2641.000
11823,3105.500
11824,3126.000
11825,3027.500
11826,3029.500
11827,2995.000
11828,2652.500
11829,2468.000
11830,1916.000
11831,1548.500
11832,1512.500
11833,1673.500
11834,1940.000
11835,2167.500
11836,2462.000
11837,2703.500
11838,2929.000
11839,3053.500
11840,3054.000
11841,2928.500
11842,2784.500
11843,2543.500
11844,2363.500
11845,1720.000
11846,1588.000
11847,1491.500
11848,1721.000
11849,1884.000
11850,2307.500
11851,2614.000
11852,2889.000
11853,3123.000
11854,3123.500
11855,2917.000
11856,3034.000
11857,2590.500
11858,2628.000
11859,2131.000
11860,1637.500
11861,1515.000
11862,1589.500
11863,1836.000
11864,2125.500
11865,2433.500
11866,2780.500
11867,2958.500
11868,3155.000
11869,3037.000
11870,3252.500
11871,3091.000
11872,2695.000
11873,2389.500
11874,1720.000
11875,1509.000
11876,1617.000
11877,1695.000
11878,2037.500
11879,2378.000
11880,2621.500
11881,2839.000
11882,2933.000
11883,2889.000
11884,2961.000
11885,3114.000
11886,2857.000
11887,2422.000
11888,2373.500
11889,2228.500
11890,1568.500
11891,1532.000
11892,1482.500
11893,1753.000
11894,1960.500
11895,2369.500
11896,2728.500
11897,2836.000
11898,2992.500
11899,2983.000
11900,3071.000
11901,3006.000
11902,2648.500
11903,2541.500
11904,2232.000
11905,1607.000
11906,1519.500
11907,1537.000
11908,1810.500
11909,2142.000
11910,2460.500
11911,2719.000
11912,2964.000
11913,3044.500
11914,3161.500
11915,3008.500
11916,2942.500
11917,2652.500
11918,2521.000
11919,2230.000
11920,2361.500
11921,2170.500
11922,1575.000
11923,1440.500
11924,1537.000
11925,1665.500
11926,1931.500
11927,2455.000
11928,2734.000
11929,2943.000
11930,3103.500
11931,3049.500
11932,3105.500
11933,2979.500
11934,2691.000
11935,2319.000
11936,1738.000
11937,1529.000
11938,1565.500
11939,1646.000
11940,1985.500
11941,2305.000
11942,2556.500
11943,2951.000
11944,3089.500
11945,3202.500
11946,3179.500
11947,3145.500
11948,2802.000
11949,2505.500
11950,2159.000
11951,1613.000
11952,1509.500
11953,1552.000
11954,1738.500
11955,2127.500
11956,2395.000
11957,2617.500
11958,2933.000
11959,3067.500
11960,3004.000
11961,2956.500
11962,3074.500
11963,2658.500
11964,2499.500
11965,2287.500
11966,1700.000
11967,1510.500
11968,1612.500
11969,1646.500
11970,1892.500
11971,2278.000
11972,2664.000
11973,2895.500
11974,2875.500
11975,3048.000
11976,2881.500
11977,2902.500
11978,2642.500
11979,2429.000
11980,2474.000
11981,2031.500
11982,1638.000
11983,1536.500
11984,1537.500
11985,1843.500
11986,2125.000
11987,2444.500
11988,2656.000
11989,2791.500
11990,3029.000
11991,3004.000
11992,2998.000
11993,2908.000
11994,2583.000
11995,2134.000
11996,1618.000
11997,1547.500
11998,1668.500
11999,1876.000
12000,2060.000
